HMConTests/TestFiles/out/gradient-mca_asc.asc
ncols        512
nrows        512
xllcorner    0
yllcorner    0
cellsize     1
NODATA_value -3.4028235E+38
[rows 480 to 511 of 512, columns 426 to 496 of 512]
213.00 213.50 214.00 214.50 215.00 215.50 216.00 216.50 217.00 217.50 218.00 218.50 219.00 219.50 220.00 220.50 221.00 221.50 222.00 222.50 223.00 223.50 224.00 224.50 225.00 225.50 226.00 226.50 227.00 227.50 228.00 228.50 229.00 229.50 230.00 230.50 231.00 231.50 232.00 232.50 233.00 233.50 234.00 234.50 235.00 235.50 236.00 236.50 237.00 237.50 238.00 238.50 239.00 239.50 240.00 240.50 241.00 241.50 242.00 242.50 243.00 243.50 244.00 244.50 245.00 245.50 246.00 246.50 247.00 247.50 248.00
213.00 213.50 214.00 214.50 215.00 215.50 216.00 216.50 217.00 217.50 218.00 218.50 219.00 219.50 220.00 220.50 221.00 221.50 222.00 222.50 223.00 223.50 224.00 224.50 225.00 225.50 226.00 226.50 227.00 227.50 228.00 228.50 229.00 229.50 230.00 230.50 231.00 231.50 232.00 232.50 233.00 233.50 234.00 234.50 235.00 235.50 236.00 236.50 237.00 237.50 238.00 238.50 239.00 239.50 240.00 240.50 241.00 241.50 242.00 242.50 243.00 243.50 244.00 244.50 245.00 245.50 246.00 246.50 247.00 247.50 248.00
213.00 213.50 214.00 214.50 215.00 215.50 216.00 216.50 217.00 217.50 218.00 218.50 219.00 219.50 220.00 220.50 221.00 221.50 222.00 222.50 223.00 223.50 224.00 224.50 225.00 225.50 226.00 226.50 227.00 227.50 228.00 228.50 229.00 229.50 230.00 230.50 231.00 231.50 232.00 232.50 233.00 233.50 234.00 234.50 235.00 235.50 236.00 236.50 237.00 237.50 238.00 238.50 239.00 239.50 240.00 240.50 241.00 241.50 242.00 242.50 243.00 243.50 244.00 244.50 245.00 245.50 246.00 246.50 247.00 247.50 248.00
213.00 213.50 214.00 214.50 215.00 215.50 216.00 216.50 217.00 217.50 218.00 218.50 219.00 219.50 220.00 220.50 221.00 221.50 222.00 222.50 223.00 223.50 224.00 224.50 225.00 225.50 226.00 226.50 227.00 227.50 228.00 228.50 229.00 229.50 230.00 230.50 231.00 231.50 232.00 232.50 233.00 233.50 234.00 234.50 235.00 235.50 236.00 236.50 237.00 237.50 238.00 238.50 239.00 239.50 240.00 240.50 241.00 241.50 242.00 242.50 243.00 243.50 244.00 244.50 245.00 245.50 246.00 246.50 247.00 247.50 248.00
213.00 213.50 214.00 214.50 215.00 215.50 216.00 216.50 217.00 217.50 218.00 218.50 219.00 219.50 220.00 220.50 221.00 221.50 222.00 222.50 223.00 223.50 224.00 224.50 225.00 225.50 226.00 226.50 227.00 227.50 228.00 228.50 229.00 229.50 230.00 230.50 231.00 231.50 232.00 232.50 233.00 233.50 234.00 234.50 235.00 235.50 236.00 236.50 237.00 237.50 238.00 238.50 239.00 239.50 240.00 240.50 241.00 241.50 242.00 242.50 243.00 243.50 244.00 244.50 245.00 245.50 246.00 246.50 247.00 247.50 248.00
213.00 213.50 214.00 214.50 215.00 215.50 216.00 216.50 217.00 217.50 218.00 218.50 219.00 219.50 220.00 220.50 221.00 221.50 222.00 222.50 223.00 223.50 224.00 224.50 225.00 225.50 226.00 226.50 227.00 227.50 228.00 228.50 229.00 229.50 230.00 230.50 231.00 231.50 232.00 232.50 233.00 233.50 234.00 234.50 235.00 235.50 236.00 236.50 237.00 237.50 238.00 238.50 239.00 239.50 240.00 240.50 241.00 241.50 242.00 242.50 243.00 243.50 244.00 244.50 245.00 245.50 246.00 246.50 247.00 247.50 248.00
213.00 213.50 214.00 214.50 215.00 215.50 216.00 216.50 217.00 217.50 218.00 218.50 219.00 219.50 220.00 220.50 221.00 221.50 222.00 222.50 223.00 223.50 224.00 224.50 225.00 225.50 226.00 226.50 227.00 227.50 228.00 228.50 229.00 229.50 230.00 230.50 231.00 231.50 232.00 232.50 233.00 233.50 234.00 234.50 235.00 235.50 236.00 236.50 237.00 237.50 238.00 238.50 239.00 239.50 240.00 240.50 241.00 241.50 242.00 242.50 243.00 243.50 244.00 244.50 245.00 245.50 246.00 246.50 247.00 247.50 248.00
213.00 213.50 214.00 214.50 215.00 215.50 216.00 216.50 217.00 217.50 218.00 218.50 219.00 219.50 220.00 220.50 221.00 221.50 222.00 222.50 223.00 223.50 224.00 224.50 225.00 225.50 226.00 226.50 227.00 227.50 228.00 228.50 229.00 229.50 230.00 230.50 231.00 231.50 232.00 232.50 233.00 233.50 234.00 234.50 235.00 235.50 236.00 236.50 237.00 237.50 238.00 238.50 239.00 239.50 240.00 240.50 241.00 241.50 242.00 242.50 243.00 243.50 244.00 244.50 245.00 245.50 246.00 246.50 247.00 247.50 248.00
213.00 213.50 214.00 214.50 215.00 215.50 216.00 216.50 217.00 217.50 218.00 218.50 219.00 219.50 220.00 220.50 221.00 221.50 222.00 222.50 223.00 223.50 224.00 224.50 225.00 225.50 226.00 226.50 227.00 227.50 228.00 228.50 229.00 229.50 230.00 230.50 231.00 231.50 232.00 232.50 233.00 233.50 234.00 234.50 235.00 235.50 236.00 236.50 237.00 237.50 238.00 238.50 239.00 239.50 240.00 240.50 241.00 241.50 242.00 242.50 243.00 243.50 244.00 244.50 245.00 245.50 246.00 246.50 247.00 247.50 248.00
213.00 213.50 214.00 214.50 215.00 215.50 216.00 216.50 217.00 217.50 218.00 218.50 219.00 219.50 220.00 220.50 221.00 221.50 222.00 222.50 223.00 223.50 224.00 224.50 225.00 225.50 226.00 226.50 227.00 227.50 228.00 228.50 229.00 229.50 230.00 230.50 231.00 231.50 232.00 232.50 233.00 233.50 234.00 234.50 235.00 235.50 236.00 236.50 237.00 237.50 238.00 238.50 239.00 239.50 240.00 240.50 241.00 241.50 242.00 242.50 243.00 243.50 244.00 244.50 245.00 245.50 246.00 246.50 247.00 247.50 248.00
213.00 213.50 214.00 214.50 215.00 215.50 216.00 216.50 217.00 217.50 218.00 218.50 219.00 219.50 220.00 220.50 221.00 221.50 222.00 222.50 223.00 223.50 224.00 224.50 225.00 225.50 226.00 226.50 227.00 227.50 228.00 228.50 229.00 229.50 230.00 230.50 231.00 231.50 232.00 232.50 233.00 233.50 234.00 234.50 235.00 235.50 236.00 236.50 237.00 237.50 238.00 238.50 239.00 239.50 240.00 240.50 241.00 241.50 242.00 242.50 243.00 243.50 244.00 244.50 245.00 245.50 246.00 246.50 247.00 247.50 248.00
213.00 213.50 214.00 214.50 215.00 215.50 216.00 216.50 217.00 217.50 218.00 218.50 219.00 219.50 220.00 220.50 221.00 221.50 222.00 222.50 223.00 223.50 224.00 224.50 225.00 225.50 226.00 226.50 227.00 227.50 228.00 228.50 229.00 229.50 230.00 230.50 231.00 231.50 232.00 232.50 233.00 233.50 234.00 234.50 235.00 235.50 236.00 236.50 237.00 237.50 238.00 238.50 239.00 239.50 240.00 240.50 241.00 241.50 242.00 242.50 243.00 243.50 244.00 244.50 245.00 245.50 246.00 246.50 247.00 247.50 248.00
213.00 213.50 214.00 214.50 215.00 215.50 216.00 216.50 217.00 217.50 218.00 218.50 219.00 219.50 220.00 220.50 221.00 221.50 222.00 222.50 223.00 223.50 224.00 224.50 225.00 225.50 226.00 226.50 227.00 227.50 228.00 228.50 229.00 229.50 230.00 230.50 231.00 231.50 232.00 232.50 233.00 233.50 234.00 234.50 235.00 235.50 236.00 236.50 237.00 237.50 238.00 238.50 239.00 239.50 240.00 240.50 241.00 241.50 242.00 242.50 243.00 243.50 244.00 244.50 245.00 245.50 246.00 246.50 247.00 247.50 248.00
213.00 213.50 214.00 214.50 215.00 215.50 216.00 216.50 217.00 217.50 218.00 218.50 219.00 219.50 220.00 220.50 221.00 221.50 222.00 222.50 223.00 223.50 224.00 224.50 225.00 225.50 226.00 226.50 227.00 227.50 228.00 228.50 229.00 229.50 230.00 230.50 231.00 231.50 232.00 232.50 233.00 233.50 234.00 234.50 235.00 235.50 236.00 236.50 237.00 237.50 238.00 238.50 239.00 239.50 240.00 240.50 241.00 241.50 242.00 242.50 243.00 243.50 244.00 244.50 245.00 245.50 246.00 246.50 247.00 247.50 248.00
213.00 213.50 214.00 214.50 215.00 215.50 216.00 216.50 217.00 217.50 218.00 218.50 219.00 219.50 220.00 220.50 221.00 221.50 222.00 222.50 223.00 223.50 224.00 224.50 225.00 225.50 226.00 226.50 227.00 227.50 228.00 228.50 229.00 229.50 230.00 230.50 231.00 231.50 232.00 232.50 233.00 233.50 234.00 234.50 235.00 235.50 236.00 236.50 237.00 237.50 238.00 238.50 239.00 239.50 240.00 240.50 241.00 241.50 242.00 242.50 243.00 243.50 244.00 244.50 245.00 245.50 246.00 246.50 247.00 247.50 248.00
213.00 213.50 214.00 214.50 215.00 215.50 216.00 216.50 217.00 217.50 218.00 218.50 219.00 219.50 220.00 220.50 221.00 221.50 222.00 222.50 223.00 223.50 224.00 224.50 225.00 225.50 226.00 226.50 227.00 227.50 228.00 228.50 229.00 229.50 230.00 230.50 231.00 231.50 232.00 232.50 233.00 233.50 234.00 234.50 235.00 235.50 236.00 236.50 237.00 237.50 238.00 238.50 239.00 239.50 240.00 240.50 241.00 241.50 242.00 242.50 243.00 243.50 244.00 244.50 245.00 245.50 246.00 246.50 247.00 247.50 248.00
213.00 213.50 214.00 214.50 215.00 215.50 216.00 216.50 217.00 217.50 218.00 218.50 219.00 219.50 220.00 220.50 221.00 221.50 222.00 222.50 223.00 223.50 224.00 224.50 225.00 225.50 226.00 226.50 227.00 227.50 228.00 228.50 229.00 229.50 230.00 230.50 231.00 231.50 232.00 232.50 233.00 233.50 234.00 234.50 235.00 235.50 236.00 236.50 237.00 237.50 238.00 238.50 239.00 239.50 240.00 240.50 241.00 241.50 242.00 242.50 243.00 243.50 244.00 244.50 245.00 245.50 246.00 246.50 247.00 247.50 248.00
213.00 213.50 214.00 214.50 215.00 215.50 216.00 216.50 217.00 217.50 218.00 218.50 219.00 219.50 220.00 220.50 221.00 221.50 222.00 222.50 223.00 223.50 224.00 224.50 225.00 225.50 226.00 226.50 227.00 227.50 228.00 228.50 229.00 229.50 230.00 230.50 231.00 231.50 232.00 232.50 233.00 233.50 234.00 234.50 235.00 235.50 236.00 236.50 237.00 237.50 238.00 238.50 239.00 239.50 240.00 240.50 241.00 241.50 242.00 242.50 243.00 243.50 244.00 244.50 245.00 245.50 246.00 246.50 247.00 247.50 248.00
213.00 213.50 214.00 214.50 215.00 215.50 216.00 216.50 217.00 217.50 218.00 218.50 219.00 219.50 220.00 220.50 221.00 221.50 222.00 222.50 223.00 223.50 224.00 224.50 225.00 225.50 226.00 226.50 227.00 227.50 228.00 228.50 229.00 229.50 230.00 230.50 231.00 231.50 232.00 232.50 233.00 233.50 234.00 234.50 235.00 235.50 236.00 236.50 237.00 237.50 238.00 238.50 239.00 239.50 240.00 240.50 241.00 241.50 242.00 242.50 243.00 243.50 244.00 244.50 245.00 245.50 246.00 246.50 247.00 247.50 248.00
213.00 213.50 214.00 214.50 215.00 215.50 216.00 216.50 217.00 217.50 218.00 218.50 219.00 219.50 220.00 220.50 221.00 221.50 222.00 222.50 223.00 223.50 224.00 224.50 225.00 225.50 226.00 226.50 227.00 227.50 228.00 228.50 229.00 229.50 230.00 230.50 231.00 231.50 232.00 232.50 233.00 233.50 234.00 234.50 235.00 235.50 236.00 236.50 237.00 237.50 238.00 238.50 239.00 239.50 240.00 240.50 241.00 241.50 242.00 242.50 243.00 243.50 244.00 244.50 245.00 245.50 246.00 246.50 247.00 247.50 248.00
213.00 213.50 214.00 214.50 215.00 215.50 216.00 216.50 217.00 217.50 218.00 218.50 219.00 219.50 220.00 220.50 221.00 221.50 222.00 222.50 223.00 223.50 224.00 224.50 225.00 225.50 226.00 226.50 227.00 227.50 228.00 228.50 229.00 229.50 230.00 230.50 231.00 231.50 232.00 232.50 233.00 233.50 234.00 234.50 235.00 235.50 236.00 236.50 237.00 237.50 238.00 238.50 239.00 239.50 240.00 240.50 241.00 241.50 242.00 242.50 243.00 243.50 244.00 244.50 245.00 245.50 246.00 246.50 247.00 247.50 248.00
213.00 213.50 214.00 214.50 215.00 215.50 216.00 216.50 217.00 217.50 218.00 218.50 219.00 219.50 220.00 220.50 221.00 221.50 222.00 222.50 223.00 223.50 224.00 224.50 225.00 225.50 226.00 226.50 227.00 227.50 228.00 228.50 229.00 229.50 230.00 230.50 231.00 231.50 232.00 232.50 233.00 233.50 234.00 234.50 235.00 235.50 236.00 236.50 237.00 237.50 238.00 238.50 239.00 239.50 240.00 240.50 241.00 241.50 242.00 242.50 243.00 243.50 244.00 244.50 245.00 245.50 246.00 246.50 247.00 247.50 248.00
213.00 213.50 214.00 214.50 215.00 215.50 216.00 216.50 217.00 217.50 218.00 218.50 219.00 219.50 220.00 220.50 221.00 221.50 222.00 222.50 223.00 223.50 224.00 224.50 225.00 225.50 226.00 226.50 227.00 227.50 228.00 228.50 229.00 229.50 230.00 230.50 231.00 231.50 232.00 232.50 233.00 233.50 234.00 234.50 235.00 235.50 236.00 236.50 237.00 237.50 238.00 238.50 239.00 239.50 240.00 240.50 241.00 241.50 242.00 242.50 243.00 243.50 244.00 244.50 245.00 245.50 246.00 246.50 247.00 247.50 248.00
213.00 213.50 214.00 214.50 215.00 215.50 216.00 216.50 217.00 217.50 218.00 218.50 219.00 219.50 220.00 220.50 221.00 221.50 222.00 222.50 223.00 223.50 224.00 224.50 225.00 225.50 226.00 226.50 227.00 227.50 228.00 228.50 229.00 229.50 230.00 230.50 231.00 231.50 232.00 232.50 233.00 233.50 234.00 234.50 235.00 235.50 236.00 236.50 237.00 237.50 238.00 238.50 239.00 239.50 240.00 240.50 241.00 241.50 242.00 242.50 243.00 243.50 244.00 244.50 245.00 245.50 246.00 246.50 247.00 247.50 248.00
213.00 213.50 214.00 214.50 215.00 215.50 216.00 216.50 217.00 217.50 218.00 218.50 219.00 219.50 220.00 220.50 221.00 221.50 222.00 222.50 223.00 223.50 224.00 224.50 225.00 225.50 226.00 226.50 227.00 227.50 228.00 228.50 229.00 229.50 230.00 230.50 231.00 231.50 232.00 232.50 233.00 233.50 234.00 234.50 235.00 235.50 236.00 236.50 237.00 237.50 238.00 238.50 239.00 239.50 240.00 240.50 241.00 241.50 242.00 242.50 243.00 243.50 244.00 244.50 245.00 245.50 246.00 246.50 247.00 247.50 248.00
213.00 213.50 214.00 214.50 215.00 215.50 216.00 216.50 217.00 217.50 218.00 218.50 219.00 219.50 220.00 220.50 221.00 221.50 222.00 222.50 223.00 223.50 224.00 224.50 225.00 225.50 226.00 226.50 227.00 227.50 228.00 228.50 229.00 229.50 230.00 230.50 231.00 231.50 232.00 232.50 233.00 233.50 234.00 234.50 235.00 235.50 236.00 236.50 237.00 237.50 238.00 238.50 239.00 239.50 240.00 240.50 241.00 241.50 242.00 242.50 243.00 243.50 244.00 244.50 245.00 245.50 246.00 246.50 247.00 247.50 248.00
213.00 213.50 214.00 214.50 215.00 215.50 216.00 216.50 217.00 217.50 218.00 218.50 219.00 219.50 220.00 220.50 221.00 221.50 222.00 222.50 223.00 223.50 224.00 224.50 225.00 225.50 226.00 226.50 227.00 227.50 228.00 228.50 229.00 229.50 230.00 230.50 231.00 231.50 232.00 232.50 233.00 233.50 234.00 234.50 235.00 235.50 236.00 236.50 237.00 237.50 238.00 238.50 239.00 239.50 240.00 240.50 241.00 241.50 242.00 242.50 243.00 243.50 244.00 244.50 245.00 245.50 246.00 246.50 247.00 247.50 248.00
213.00 213.50 214.00 214.50 215.00 215.50 216.00 216.50 217.00 217.50 218.00 218.50 219.00 219.50 220.00 220.50 221.00 221.50 222.00 222.50 223.00 223.50 224.00 224.50 225.00 225.50 226.00 226.50 227.00 227.50 228.00 228.50 229.00 229.50 230.00 230.50 231.00 231.50 232.00 232.50 233.00 233.50 234.00 234.50 235.00 235.50 236.00 236.50 237.00 237.50 238.00 238.50 239.00 239.50 240.00 240.50 241.00 241.50 242.00 242.50 243.00 243.50 244.00 244.50 245.00 245.50 246.00 246.50 247.00 247.50 248.00
213.00 213.50 214.00 214.50 215.00 215.50 216.00 216.50 217.00 217.50 218.00 218.50 219.00 219.50 220.00 220.50 221.00 221.50 222.00 222.50 223.00 223.50 224.00 224.50 225.00 225.50 226.00 226.50 227.00 227.50 228.00 228.50 229.00 229.50 230.00 230.50 231.00 231.50 232.00 232.50 233.00 233.50 234.00 234.50 235.00 235.50 236.00 236.50 237.00 237.50 238.00 238.50 239.00 239.50 240.00 240.50 241.00 241.50 242.00 242.50 243.00 243.50 244.00 244.50 245.00 245.50 246.00 246.50 247.00 247.50 248.00
213.00 213.50 214.00 214.50 215.00 215.50 216.00 216.50 217.00 217.50 218.00 218.50 219.00 219.50 220.00 220.50 221.00 221.50 222.00 222.50 223.00 223.50 224.00 224.50 225.00 225.50 226.00 226.50 227.00 227.50 228.00 228.50 229.00 229.50 230.00 230.50 231.00 231.50 232.00 232.50 233.00 233.50 234.00 234.50 235.00 235.50 236.00 236.50 237.00 237.50 238.00 238.50 239.00 239.50 240.00 240.50 241.00 241.50 242.00 242.50 243.00 243.50 244.00 244.50 245.00 245.50 246.00 246.50 247.00 247.50 248.00
213.00 214.00 214.00 215.00 215.00 216.00 216.00 217.00 217.00 218.00 218.00 219.00 219.00 220.00 220.00 221.00 221.00 222.00 222.00 223.00 223.00 224.00 224.00 225.00 225.00 226.00 226.00 227.00 227.00 228.00 228.00 229.00 229.00 230.00 230.00 231.00 231.00 232.00 232.00 233.00 233.00 234.00 234.00 235.00 235.00 236.00 236.00 237.00 237.00 238.00 238.00 239.00 239.00 240.00 240.00 241.00 241.00 242.00 242.00 243.00 243.00 244.00 244.00 245.00 245.00 246.00 246.00 247.00 247.00 248.00 248.00
213.00 213.50 214.00 214.50 215.00 215.50 216.00 216.50 217.00 217.50 218.00 218.50 219.00 219.50 220.00 220.50 221.00 221.50 222.00 222.50 223.00 223.50 224.00 224.50 225.00 225.50 226.00 226.50 227.00 227.50 228.00 228.50 229.00 229.50 230.00 230.50 231.00 231.50 232.00 232.50 233.00 233.50 234.00 234.50 235.00 235.50 236.00 236.50 237.00 237.50 238.00 238.50 239.00 239.50 240.00 240.50 241.00 241.50 242.00 242.50 243.00 243.50 244.00 244.50 245.00 245.50 246.00 246.50 247.00 247.50 248.00
