HMConTests/TestFiles/out/gradient-mca_asc.asc
ncols        512
nrows        512
xllcorner    0
yllcorner    0
cellsize     1
NODATA_value -3.4028235E+38
[rows 256 to 287 of 512, columns 0 to 70 of 512]
000.00 001.00 002.00 003.00 004.00 005.00 006.00 007.00 008.00 009.00 010.00 011.00 012.00 013.00 014.00 015.00 016.00 017.00 018.00 019.00 020.00 021.00 022.00 023.00 024.00 025.00 026.00 027.00 028.00 029.00 030.00 031.00 032.00 033.00 034.00 035.00 036.00 037.00 038.00 039.00 040.00 041.00 042.00 043.00 044.00 045.00 046.00 047.00 048.00 049.00 050.00 051.00 052.00 053.00 054.00 055.00 056.00 057.00 058.00 059.00 060.00 061.00 062.00 063.00 064.00 065.00 066.00 067.00 068.00 069.00 070.00
000.00 001.00 002.00 003.00 004.00 005.00 006.00 007.00 008.00 009.00 010.00 011.00 012.00 013.00 014.00 015.00 016.00 017.00 018.00 019.00 020.00 021.00 022.00 023.00 024.00 025.00 026.00 027.00 028.00 029.00 030.00 031.00 032.00 033.00 034.00 035.00 036.00 037.00 038.00 039.00 040.00 041.00 042.00 043.00 044.00 045.00 046.00 047.00 048.00 049.00 050.00 051.00 052.00 053.00 054.00 055.00 056.00 057.00 058.00 059.00 060.00 061.00 062.00 063.00 064.00 065.00 066.00 067.00 068.00 069.00 070.00
000.00 001.00 002.00 003.00 004.00 005.00 006.00 007.00 008.00 009.00 010.00 011.00 012.00 013.00 014.00 015.00 016.00 017.00 018.00 019.00 020.00 021.00 022.00 023.00 024.00 025.00 026.00 027.00 028.00 029.00 030.00 031.00 032.00 033.00 034.00 035.00 036.00 037.00 038.00 039.00 040.00 041.00 042.00 043.00 044.00 045.00 046.00 047.00 048.00 049.00 050.00 051.00 052.00 053.00 054.00 055.00 056.00 057.00 058.00 059.00 060.00 061.00 062.00 063.00 064.00 065.00 066.00 067.00 068.00 069.00 070.00
000.00 001.00 002.00 003.00 004.00 005.00 006.00 007.00 008.00 009.00 010.00 011.00 012.00 013.00 014.00 015.00 016.00 017.00 018.00 019.00 020.00 021.00 022.00 023.00 024.00 025.00 026.00 027.00 028.00 029.00 030.00 031.00 032.00 033.00 034.00 035.00 036.00 037.00 038.00 039.00 040.00 041.00 042.00 043.00 044.00 045.00 046.00 047.00 048.00 049.00 050.00 051.00 052.00 053.00 054.00 055.00 056.00 057.00 058.00 059.00 060.00 061.00 062.00 063.00 064.00 065.00 066.00 067.00 068.00 069.00 070.00
000.00 001.00 002.00 003.00 004.00 005.00 006.00 007.00 008.00 009.00 010.00 011.00 012.00 013.00 014.00 015.00 016.00 017.00 018.00 019.00 020.00 021.00 022.00 023.00 024.00 025.00 026.00 027.00 028.00 029.00 030.00 031.00 032.00 033.00 034.00 035.00 036.00 037.00 038.00 039.00 040.00 041.00 042.00 043.00 044.00 045.00 046.00 047.00 048.00 049.00 050.00 051.00 052.00 053.00 054.00 055.00 056.00 057.00 058.00 059.00 060.00 061.00 062.00 063.00 064.00 065.00 066.00 067.00 068.00 069.00 070.00
000.00 001.00 002.00 003.00 004.00 005.00 006.00 007.00 008.00 009.00 010.00 011.00 012.00 013.00 014.00 015.00 016.00 017.00 018.00 019.00 020.00 021.00 022.00 023.00 024.00 025.00 026.00 027.00 028.00 029.00 030.00 031.00 032.00 033.00 034.00 035.00 036.00 037.00 038.00 039.00 040.00 041.00 042.00 043.00 044.00 045.00 046.00 047.00 048.00 049.00 050.00 051.00 052.00 053.00 054.00 055.00 056.00 057.00 058.00 059.00 060.00 061.00 062.00 063.00 064.00 065.00 066.00 067.00 068.00 069.00 070.00
000.00 001.00 002.00 003.00 004.00 005.00 006.00 007.00 008.00 009.00 010.00 011.00 012.00 013.00 014.00 015.00 016.00 017.00 018.00 019.00 020.00 021.00 022.00 023.00 024.00 025.00 026.00 027.00 028.00 029.00 030.00 031.00 032.00 033.00 034.00 035.00 036.00 037.00 038.00 039.00 040.00 041.00 042.00 043.00 044.00 045.00 046.00 047.00 048.00 049.00 050.00 051.00 052.00 053.00 054.00 055.00 056.00 057.00 058.00 059.00 060.00 061.00 062.00 063.00 064.00 065.00 066.00 067.00 068.00 069.00 070.00
000.00 001.00 002.00 003.00 004.00 005.00 006.00 007.00 008.00 009.00 010.00 011.00 012.00 013.00 014.00 015.00 016.00 017.00 018.00 019.00 020.00 021.00 022.00 023.00 024.00 025.00 026.00 027.00 028.00 029.00 030.00 031.00 032.00 033.00 034.00 035.00 036.00 037.00 038.00 039.00 040.00 041.00 042.00 043.00 044.00 045.00 046.00 047.00 048.00 049.00 050.00 051.00 052.00 053.00 054.00 055.00 056.00 057.00 058.00 059.00 060.00 061.00 062.00 063.00 064.00 065.00 066.00 067.00 068.00 069.00 070.00
000.00 001.00 002.00 003.00 004.00 005.00 006.00 007.00 008.00 009.00 010.00 011.00 012.00 013.00 014.00 015.00 016.00 017.00 018.00 019.00 020.00 021.00 022.00 023.00 024.00 025.00 026.00 027.00 028.00 029.00 030.00 031.00 032.00 033.00 034.00 035.00 036.00 037.00 038.00 039.00 040.00 041.00 042.00 043.00 044.00 045.00 046.00 047.00 048.00 049.00 050.00 051.00 052.00 053.00 054.00 055.00 056.00 057.00 058.00 059.00 060.00 061.00 062.00 063.00 064.00 065.00 066.00 067.00 068.00 069.00 070.00
000.00 001.00 002.00 003.00 004.00 005.00 006.00 007.00 008.00 009.00 010.00 011.00 012.00 013.00 014.00 015.00 016.00 017.00 018.00 019.00 020.00 021.00 022.00 023.00 024.00 025.00 026.00 027.00 028.00 029.00 030.00 031.00 032.00 033.00 034.00 035.00 036.00 037.00 038.00 039.00 040.00 041.00 042.00 043.00 044.00 045.00 046.00 047.00 048.00 049.00 050.00 051.00 052.00 053.00 054.00 055.00 056.00 057.00 058.00 059.00 060.00 061.00 062.00 063.00 064.00 065.00 066.00 067.00 068.00 069.00 070.00
000.00 001.00 002.00 003.00 004.00 005.00 006.00 007.00 008.00 009.00 010.00 011.00 012.00 013.00 014.00 015.00 016.00 017.00 018.00 019.00 020.00 021.00 022.00 023.00 024.00 025.00 026.00 027.00 028.00 029.00 030.00 031.00 032.00 033.00 034.00 035.00 036.00 037.00 038.00 039.00 040.00 041.00 042.00 043.00 044.00 045.00 046.00 047.00 048.00 049.00 050.00 051.00 052.00 053.00 054.00 055.00 056.00 057.00 058.00 059.00 060.00 061.00 062.00 063.00 064.00 065.00 066.00 067.00 068.00 069.00 070.00
000.00 001.00 002.00 003.00 004.00 005.00 006.00 007.00 008.00 009.00 010.00 011.00 012.00 013.00 014.00 015.00 016.00 017.00 018.00 019.00 020.00 021.00 022.00 023.00 024.00 025.00 026.00 027.00 028.00 029.00 030.00 031.00 032.00 033.00 034.00 035.00 036.00 037.00 038.00 039.00 040.00 041.00 042.00 043.00 044.00 045.00 046.00 047.00 048.00 049.00 050.00 051.00 052.00 053.00 054.00 055.00 056.00 057.00 058.00 059.00 060.00 061.00 062.00 063.00 064.00 065.00 066.00 067.00 068.00 069.00 070.00
000.00 001.00 002.00 003.00 004.00 005.00 006.00 007.00 008.00 009.00 010.00 011.00 012.00 013.00 014.00 015.00 016.00 017.00 018.00 019.00 020.00 021.00 022.00 023.00 024.00 025.00 026.00 027.00 028.00 029.00 030.00 031.00 032.00 033.00 034.00 035.00 036.00 037.00 038.00 039.00 040.00 041.00 042.00 043.00 044.00 045.00 046.00 047.00 048.00 049.00 050.00 051.00 052.00 053.00 054.00 055.00 056.00 057.00 058.00 059.00 060.00 061.00 062.00 063.00 064.00 065.00 066.00 067.00 068.00 069.00 070.00
000.00 001.00 002.00 003.00 004.00 005.00 006.00 007.00 008.00 009.00 010.00 011.00 012.00 013.00 014.00 015.00 016.00 017.00 018.00 019.00 020.00 021.00 022.00 023.00 024.00 025.00 026.00 027.00 028.00 029.00 030.00 031.00 032.00 033.00 034.00 035.00 036.00 037.00 038.00 039.00 040.00 041.00 042.00 043.00 044.00 045.00 046.00 047.00 048.00 049.00 050.00 051.00 052.00 053.00 054.00 055.00 056.00 057.00 058.00 059.00 060.00 061.00 062.00 063.00 064.00 065.00 066.00 067.00 068.00 069.00 070.00
000.00 001.00 002.00 003.00 004.00 005.00 006.00 007.00 008.00 009.00 010.00 011.00 012.00 013.00 014.00 015.00 016.00 017.00 018.00 019.00 020.00 021.00 022.00 023.00 024.00 025.00 026.00 027.00 028.00 029.00 030.00 031.00 032.00 033.00 034.00 035.00 036.00 037.00 038.00 039.00 040.00 041.00 042.00 043.00 044.00 045.00 046.00 047.00 048.00 049.00 050.00 051.00 052.00 053.00 054.00 055.00 056.00 057.00 058.00 059.00 060.00 061.00 062.00 063.00 064.00 065.00 066.00 067.00 068.00 069.00 070.00
000.00 001.00 002.00 003.00 004.00 005.00 006.00 007.00 008.00 009.00 010.00 011.00 012.00 013.00 014.00 015.00 016.00 017.00 018.00 019.00 020.00 021.00 022.00 023.00 024.00 025.00 026.00 027.00 028.00 029.00 030.00 031.00 032.00 033.00 034.00 035.00 036.00 037.00 038.00 039.00 040.00 041.00 042.00 043.00 044.00 045.00 046.00 047.00 048.00 049.00 050.00 051.00 052.00 053.00 054.00 055.00 056.00 057.00 058.00 059.00 060.00 061.00 062.00 063.00 064.00 065.00 066.00 067.00 068.00 069.00 070.00
000.00 001.00 002.00 003.00 004.00 005.00 006.00 007.00 008.00 009.00 010.00 011.00 012.00 013.00 014.00 015.00 016.00 017.00 018.00 019.00 020.00 021.00 022.00 023.00 024.00 025.00 026.00 027.00 028.00 029.00 030.00 031.00 032.00 033.00 034.00 035.00 036.00 037.00 038.00 039.00 040.00 041.00 042.00 043.00 044.00 045.00 046.00 047.00 048.00 049.00 050.00 051.00 052.00 053.00 054.00 055.00 056.00 057.00 058.00 059.00 060.00 061.00 062.00 063.00 064.00 065.00 066.00 067.00 068.00 069.00 070.00
000.00 001.00 002.00 003.00 004.00 005.00 006.00 007.00 008.00 009.00 010.00 011.00 012.00 013.00 014.00 015.00 016.00 017.00 018.00 019.00 020.00 021.00 022.00 023.00 024.00 025.00 026.00 027.00 028.00 029.00 030.00 031.00 032.00 033.00 034.00 035.00 036.00 037.00 038.00 039.00 040.00 041.00 042.00 043.00 044.00 045.00 046.00 047.00 048.00 049.00 050.00 051.00 052.00 053.00 054.00 055.00 056.00 057.00 058.00 059.00 060.00 061.00 062.00 063.00 064.00 065.00 066.00 067.00 068.00 069.00 070.00
000.00 001.00 002.00 003.00 004.00 005.00 006.00 007.00 008.00 009.00 010.00 011.00 012.00 013.00 014.00 015.00 016.00 017.00 018.00 019.00 020.00 021.00 022.00 023.00 024.00 025.00 026.00 027.00 028.00 029.00 030.00 031.00 032.00 033.00 034.00 035.00 036.00 037.00 038.00 039.00 040.00 041.00 042.00 043.00 044.00 045.00 046.00 047.00 048.00 049.00 050.00 051.00 052.00 053.00 054.00 055.00 056.00 057.00 058.00 059.00 060.00 061.00 062.00 063.00 064.00 065.00 066.00 067.00 068.00 069.00 070.00
000.00 001.00 002.00 003.00 004.00 005.00 006.00 007.00 008.00 009.00 010.00 011.00 012.00 013.00 014.00 015.00 016.00 017.00 018.00 019.00 020.00 021.00 022.00 023.00 024.00 025.00 026.00 027.00 028.00 029.00 030.00 031.00 032.00 033.00 034.00 035.00 036.00 037.00 038.00 039.00 040.00 041.00 042.00 043.00 044.00 045.00 046.00 047.00 048.00 049.00 050.00 051.00 052.00 053.00 054.00 055.00 056.00 057.00 058.00 059.00 060.00 061.00 062.00 063.00 064.00 065.00 066.00 067.00 068.00 069.00 070.00
000.00 001.00 002.00 003.00 004.00 005.00 006.00 007.00 008.00 009.00 010.00 011.00 012.00 013.00 014.00 015.00 016.00 017.00 018.00 019.00 020.00 021.00 022.00 023.00 024.00 025.00 026.00 027.00 028.00 029.00 030.00 031.00 032.00 033.00 034.00 035.00 036.00 037.00 038.00 039.00 040.00 041.00 042.00 043.00 044.00 045.00 046.00 047.00 048.00 049.00 050.00 051.00 052.00 053.00 054.00 055.00 056.00 057.00 058.00 059.00 060.00 061.00 062.00 063.00 064.00 065.00 066.00 067.00 068.00 069.00 070.00
000.00 001.00 002.00 003.00 004.00 005.00 006.00 007.00 008.00 009.00 010.00 011.00 012.00 013.00 014.00 015.00 016.00 017.00 018.00 019.00 020.00 021.00 022.00 023.00 024.00 025.00 026.00 027.00 028.00 029.00 030.00 031.00 032.00 033.00 034.00 035.00 036.00 037.00 038.00 039.00 040.00 041.00 042.00 043.00 044.00 045.00 046.00 047.00 048.00 049.00 050.00 051.00 052.00 053.00 054.00 055.00 056.00 057.00 058.00 059.00 060.00 061.00 062.00 063.00 064.00 065.00 066.00 067.00 068.00 069.00 070.00
000.00 001.00 002.00 003.00 004.00 005.00 006.00 007.00 008.00 009.00 010.00 011.00 012.00 013.00 014.00 015.00 016.00 017.00 018.00 019.00 020.00 021.00 022.00 023.00 024.00 025.00 026.00 027.00 028.00 029.00 030.00 031.00 032.00 033.00 034.00 035.00 036.00 037.00 038.00 039.00 040.00 041.00 042.00 043.00 044.00 045.00 046.00 047.00 048.00 049.00 050.00 051.00 052.00 053.00 054.00 055.00 056.00 057.00 058.00 059.00 060.00 061.00 062.00 063.00 064.00 065.00 066.00 067.00 068.00 069.00 070.00
000.00 001.00 002.00 003.00 004.00 005.00 006.00 007.00 008.00 009.00 010.00 011.00 012.00 013.00 014.00 015.00 016.00 017.00 018.00 019.00 020.00 021.00 022.00 023.00 024.00 025.00 026.00 027.00 028.00 029.00 030.00 031.00 032.00 033.00 034.00 035.00 036.00 037.00 038.00 039.00 040.00 041.00 042.00 043.00 044.00 045.00 046.00 047.00 048.00 049.00 050.00 051.00 052.00 053.00 054.00 055.00 056.00 057.00 058.00 059.00 060.00 061.00 062.00 063.00 064.00 065.00 066.00 067.00 068.00 069.00 070.00
000.00 001.00 002.00 003.00 004.00 005.00 006.00 007.00 008.00 009.00 010.00 011.00 012.00 013.00 014.00 015.00 016.00 017.00 018.00 019.00 020.00 021.00 022.00 023.00 024.00 025.00 026.00 027.00 028.00 029.00 030.00 031.00 032.00 033.00 034.00 035.00 036.00 037.00 038.00 039.00 040.00 041.00 042.00 043.00 044.00 045.00 046.00 047.00 048.00 049.00 050.00 051.00 052.00 053.00 054.00 055.00 056.00 057.00 058.00 059.00 060.00 061.00 062.00 063.00 064.00 065.00 066.00 067.00 068.00 069.00 070.00
000.00 001.00 002.00 003.00 004.00 005.00 006.00 007.00 008.00 009.00 010.00 011.00 012.00 013.00 014.00 015.00 016.00 017.00 018.00 019.00 020.00 021.00 022.00 023.00 024.00 025.00 026.00 027.00 028.00 029.00 030.00 031.00 032.00 033.00 034.00 035.00 036.00 037.00 038.00 039.00 040.00 041.00 042.00 043.00 044.00 045.00 046.00 047.00 048.00 049.00 050.00 051.00 052.00 053.00 054.00 055.00 056.00 057.00 058.00 059.00 060.00 061.00 062.00 063.00 064.00 065.00 066.00 067.00 068.00 069.00 070.00
000.00 001.00 002.00 003.00 004.00 005.00 006.00 007.00 008.00 009.00 010.00 011.00 012.00 013.00 014.00 015.00 016.00 017.00 018.00 019.00 020.00 021.00 022.00 023.00 024.00 025.00 026.00 027.00 028.00 029.00 030.00 031.00 032.00 033.00 034.00 035.00 036.00 037.00 038.00 039.00 040.00 041.00 042.00 043.00 044.00 045.00 046.00 047.00 048.00 049.00 050.00 051.00 052.00 053.00 054.00 055.00 056.00 057.00 058.00 059.00 060.00 061.00 062.00 063.00 064.00 065.00 066.00 067.00 068.00 069.00 070.00
000.00 001.00 002.00 003.00 004.00 005.00 006.00 007.00 008.00 009.00 010.00 011.00 012.00 013.00 014.00 015.00 016.00 017.00 018.00 019.00 020.00 021.00 022.00 023.00 024.00 025.00 026.00 027.00 028.00 029.00 030.00 031.00 032.00 033.00 034.00 035.00 036.00 037.00 038.00 039.00 040.00 041.00 042.00 043.00 044.00 045.00 046.00 047.00 048.00 049.00 050.00 051.00 052.00 053.00 054.00 055.00 056.00 057.00 058.00 059.00 060.00 061.00 062.00 063.00 064.00 065.00 066.00 067.00 068.00 069.00 070.00
000.00 001.00 002.00 003.00 004.00 005.00 006.00 007.00 008.00 009.00 010.00 011.00 012.00 013.00 014.00 015.00 016.00 017.00 018.00 019.00 020.00 021.00 022.00 023.00 024.00 025.00 026.00 027.00 028.00 029.00 030.00 031.00 032.00 033.00 034.00 035.00 036.00 037.00 038.00 039.00 040.00 041.00 042.00 043.00 044.00 045.00 046.00 047.00 048.00 049.00 050.00 051.00 052.00 053.00 054.00 055.00 056.00 057.00 058.00 059.00 060.00 061.00 062.00 063.00 064.00 065.00 066.00 067.00 068.00 069.00 070.00
000.00 001.00 002.00 003.00 004.00 005.00 006.00 007.00 008.00 009.00 010.00 011.00 012.00 013.00 014.00 015.00 016.00 017.00 018.00 019.00 020.00 021.00 022.00 023.00 024.00 025.00 026.00 027.00 028.00 029.00 030.00 031.00 032.00 033.00 034.00 035.00 036.00 037.00 038.00 039.00 040.00 041.00 042.00 043.00 044.00 045.00 046.00 047.00 048.00 049.00 050.00 051.00 052.00 053.00 054.00 055.00 056.00 057.00 058.00 059.00 060.00 061.00 062.00 063.00 064.00 065.00 066.00 067.00 068.00 069.00 070.00
000.00 001.00 002.00 003.00 004.00 005.00 006.00 007.00 008.00 009.00 010.00 011.00 012.00 013.00 014.00 015.00 016.00 017.00 018.00 019.00 020.00 021.00 022.00 023.00 024.00 025.00 026.00 027.00 028.00 029.00 030.00 031.00 032.00 033.00 034.00 035.00 036.00 037.00 038.00 039.00 040.00 041.00 042.00 043.00 044.00 045.00 046.00 047.00 048.00 049.00 050.00 051.00 052.00 053.00 054.00 055.00 056.00 057.00 058.00 059.00 060.00 061.00 062.00 063.00 064.00 065.00 066.00 067.00 068.00 069.00 070.00
000.00 001.00 002.00 003.00 004.00 005.00 006.00 007.00 008.00 009.00 010.00 011.00 012.00 013.00 014.00 015.00 016.00 017.00 018.00 019.00 020.00 021.00 022.00 023.00 024.00 025.00 026.00 027.00 028.00 029.00 030.00 031.00 032.00 033.00 034.00 035.00 036.00 037.00 038.00 039.00 040.00 041.00 042.00 043.00 044.00 045.00 046.00 047.00 048.00 049.00 050.00 051.00 052.00 053.00 054.00 055.00 056.00 057.00 058.00 059.00 060.00 061.00 062.00 063.00 064.00 065.00 066.00 067.00 068.00 069.00 070.00
