HMConTests/TestFiles/out/gradient-mca_asc.asc
ncols        512
nrows        512
xllcorner    0
yllcorner    0
cellsize     1
NODATA_value -3.4028235E+38
[rows 288 to 319 of 512, columns 71 to 141 of 512]
071.00 072.00 073.00 074.00 075.00 076.00 077.00 078.00 079.00 080.00 081.00 082.00 083.00 084.00 085.00 086.00 087.00 088.00 089.00 090.00 091.00 092.00 093.00 094.00 095.00 096.00 097.00 098.00 099.00 100.00 101.00 102.00 103.00 104.00 105.00 106.00 107.00 108.00 109.00 110.00 111.00 112.00 113.00 114.00 115.00 116.00 117.00 118.00 119.00 120.00 121.00 122.00 123.00 124.00 125.00 126.00 127.00 128.00 129.00 130.00 131.00 132.00 133.00 134.00 135.00 136.00 137.00 138.00 139.00 140.00 141.00
071.00 072.00 073.00 074.00 075.00 076.00 077.00 078.00 079.00 080.00 081.00 082.00 083.00 084.00 085.00 086.00 087.00 088.00 089.00 090.00 091.00 092.00 093.00 094.00 095.00 096.00 097.00 098.00 099.00 100.00 101.00 102.00 103.00 104.00 105.00 106.00 107.00 108.00 109.00 110.00 111.00 112.00 113.00 114.00 115.00 116.00 117.00 118.00 119.00 120.00 121.00 122.00 123.00 124.00 125.00 126.00 127.00 128.00 129.00 130.00 131.00 132.00 133.00 134.00 135.00 136.00 137.00 138.00 139.00 140.00 141.00
071.00 072.00 073.00 074.00 075.00 076.00 077.00 078.00 079.00 080.00 081.00 082.00 083.00 084.00 085.00 086.00 087.00 088.00 089.00 090.00 091.00 092.00 093.00 094.00 095.00 096.00 097.00 098.00 099.00 100.00 101.00 102.00 103.00 104.00 105.00 106.00 107.00 108.00 109.00 110.00 111.00 112.00 113.00 114.00 115.00 116.00 117.00 118.00 119.00 120.00 121.00 122.00 123.00 124.00 125.00 126.00 127.00 128.00 129.00 130.00 131.00 132.00 133.00 134.00 135.00 136.00 137.00 138.00 139.00 140.00 141.00
071.00 072.00 073.00 074.00 075.00 076.00 077.00 078.00 079.00 080.00 081.00 082.00 083.00 084.00 085.00 086.00 087.00 088.00 089.00 090.00 091.00 092.00 093.00 094.00 095.00 096.00 097.00 098.00 099.00 100.00 101.00 102.00 103.00 104.00 105.00 106.00 107.00 108.00 109.00 110.00 111.00 112.00 113.00 114.00 115.00 116.00 117.00 118.00 119.00 120.00 121.00 122.00 123.00 124.00 125.00 126.00 127.00 128.00 129.00 130.00 131.00 132.00 133.00 134.00 135.00 136.00 137.00 138.00 139.00 140.00 141.00
071.00 072.00 073.00 074.00 075.00 076.00 077.00 078.00 079.00 080.00 081.00 082.00 083.00 084.00 085.00 086.00 087.00 088.00 089.00 090.00 091.00 092.00 093.00 094.00 095.00 096.00 097.00 098.00 099.00 100.00 101.00 102.00 103.00 104.00 105.00 106.00 107.00 108.00 109.00 110.00 111.00 112.00 113.00 114.00 115.00 116.00 117.00 118.00 119.00 120.00 121.00 122.00 123.00 124.00 125.00 126.00 127.00 128.00 129.00 130.00 131.00 132.00 133.00 134.00 135.00 136.00 137.00 138.00 139.00 140.00 141.00
071.00 072.00 073.00 074.00 075.00 076.00 077.00 078.00 079.00 080.00 081.00 082.00 083.00 084.00 085.00 086.00 087.00 088.00 089.00 090.00 091.00 092.00 093.00 094.00 095.00 096.00 097.00 098.00 099.00 100.00 101.00 102.00 103.00 104.00 105.00 106.00 107.00 108.00 109.00 110.00 111.00 112.00 113.00 114.00 115.00 116.00 117.00 118.00 119.00 120.00 121.00 122.00 123.00 124.00 125.00 126.00 127.00 128.00 129.00 130.00 131.00 132.00 133.00 134.00 135.00 136.00 137.00 138.00 139.00 140.00 141.00
071.00 072.00 073.00 074.00 075.00 076.00 077.00 078.00 079.00 080.00 081.00 082.00 083.00 084.00 085.00 086.00 087.00 088.00 089.00 090.00 091.00 092.00 093.00 094.00 095.00 096.00 097.00 098.00 099.00 100.00 101.00 102.00 103.00 104.00 105.00 106.00 107.00 108.00 109.00 110.00 111.00 112.00 113.00 114.00 115.00 116.00 117.00 118.00 119.00 120.00 121.00 122.00 123.00 124.00 125.00 126.00 127.00 128.00 129.00 130.00 131.00 132.00 133.00 134.00 135.00 136.00 137.00 138.00 139.00 140.00 141.00
071.00 072.00 073.00 074.00 075.00 076.00 077.00 078.00 079.00 080.00 081.00 082.00 083.00 084.00 085.00 086.00 087.00 088.00 089.00 090.00 091.00 092.00 093.00 094.00 095.00 096.00 097.00 098.00 099.00 100.00 101.00 102.00 103.00 104.00 105.00 106.00 107.00 108.00 109.00 110.00 111.00 112.00 113.00 114.00 115.00 116.00 117.00 118.00 119.00 120.00 121.00 122.00 123.00 124.00 125.00 126.00 127.00 128.00 129.00 130.00 131.00 132.00 133.00 134.00 135.00 136.00 137.00 138.00 139.00 140.00 141.00
071.00 072.00 073.00 074.00 075.00 076.00 077.00 078.00 079.00 080.00 081.00 082.00 083.00 084.00 085.00 086.00 087.00 088.00 089.00 090.00 091.00 092.00 093.00 094.00 095.00 096.00 097.00 098.00 099.00 100.00 101.00 102.00 103.00 104.00 105.00 106.00 107.00 108.00 109.00 110.00 111.00 112.00 113.00 114.00 115.00 116.00 117.00 118.00 119.00 120.00 121.00 122.00 123.00 124.00 125.00 126.00 127.00 128.00 129.00 130.00 131.00 132.00 133.00 134.00 135.00 136.00 137.00 138.00 139.00 140.00 141.00
071.00 072.00 073.00 074.00 075.00 076.00 077.00 078.00 079.00 080.00 081.00 082.00 083.00 084.00 085.00 086.00 087.00 088.00 089.00 090.00 091.00 092.00 093.00 094.00 095.00 096.00 097.00 098.00 099.00 100.00 101.00 102.00 103.00 104.00 105.00 106.00 107.00 108.00 109.00 110.00 111.00 112.00 113.00 114.00 115.00 116.00 117.00 118.00 119.00 120.00 121.00 122.00 123.00 124.00 125.00 126.00 127.00 128.00 129.00 130.00 131.00 132.00 133.00 134.00 135.00 136.00 137.00 138.00 139.00 140.00 141.00
071.00 072.00 073.00 074.00 075.00 076.00 077.00 078.00 079.00 080.00 081.00 082.00 083.00 084.00 085.00 086.00 087.00 088.00 089.00 090.00 091.00 092.00 093.00 094.00 095.00 096.00 097.00 098.00 099.00 100.00 101.00 102.00 103.00 104.00 105.00 106.00 107.00 108.00 109.00 110.00 111.00 112.00 113.00 114.00 115.00 116.00 117.00 118.00 119.00 120.00 121.00 122.00 123.00 124.00 125.00 126.00 127.00 128.00 129.00 130.00 131.00 132.00 133.00 134.00 135.00 136.00 137.00 138.00 139.00 140.00 141.00
071.00 072.00 073.00 074.00 075.00 076.00 077.00 078.00 079.00 080.00 081.00 082.00 083.00 084.00 085.00 086.00 087.00 088.00 089.00 090.00 091.00 092.00 093.00 094.00 095.00 096.00 097.00 098.00 099.00 100.00 101.00 102.00 103.00 104.00 105.00 106.00 107.00 108.00 109.00 110.00 111.00 112.00 113.00 114.00 115.00 116.00 117.00 118.00 119.00 120.00 121.00 122.00 123.00 124.00 125.00 126.00 127.00 128.00 129.00 130.00 131.00 132.00 133.00 134.00 135.00 136.00 137.00 138.00 139.00 140.00 141.00
071.00 072.00 073.00 074.00 075.00 076.00 077.00 078.00 079.00 080.00 081.00 082.00 083.00 084.00 085.00 086.00 087.00 088.00 089.00 090.00 091.00 092.00 093.00 094.00 095.00 096.00 097.00 098.00 099.00 100.00 101.00 102.00 103.00 104.00 105.00 106.00 107.00 108.00 109.00 110.00 111.00 112.00 113.00 114.00 115.00 116.00 117.00 118.00 119.00 120.00 121.00 122.00 123.00 124.00 125.00 126.00 127.00 128.00 129.00 130.00 131.00 132.00 133.00 134.00 135.00 136.00 137.00 138.00 139.00 140.00 141.00
071.00 072.00 073.00 074.00 075.00 076.00 077.00 078.00 079.00 080.00 081.00 082.00 083.00 084.00 085.00 086.00 087.00 088.00 089.00 090.00 091.00 092.00 093.00 094.00 095.00 096.00 097.00 098.00 099.00 100.00 101.00 102.00 103.00 104.00 105.00 106.00 107.00 108.00 109.00 110.00 111.00 112.00 113.00 114.00 115.00 116.00 117.00 118.00 119.00 120.00 121.00 122.00 123.00 124.00 125.00 126.00 127.00 128.00 129.00 130.00 131.00 132.00 133.00 134.00 135.00 136.00 137.00 138.00 139.00 140.00 141.00
071.00 072.00 073.00 074.00 075.00 076.00 077.00 078.00 079.00 080.00 081.00 082.00 083.00 084.00 085.00 086.00 087.00 088.00 089.00 090.00 091.00 092.00 093.00 094.00 095.00 096.00 097.00 098.00 099.00 100.00 101.00 102.00 103.00 104.00 105.00 106.00 107.00 108.00 109.00 110.00 111.00 112.00 113.00 114.00 115.00 116.00 117.00 118.00 119.00 120.00 121.00 122.00 123.00 124.00 125.00 126.00 127.00 128.00 129.00 130.00 131.00 132.00 133.00 134.00 135.00 136.00 137.00 138.00 139.00 140.00 141.00
071.00 072.00 073.00 074.00 075.00 076.00 077.00 078.00 079.00 080.00 081.00 082.00 083.00 084.00 085.00 086.00 087.00 088.00 089.00 090.00 091.00 092.00 093.00 094.00 095.00 096.00 097.00 098.00 099.00 100.00 101.00 102.00 103.00 104.00 105.00 106.00 107.00 108.00 109.00 110.00 111.00 112.00 113.00 114.00 115.00 116.00 117.00 118.00 119.00 120.00 121.00 122.00 123.00 124.00 125.00 126.00 127.00 128.00 129.00 130.00 131.00 132.00 133.00 134.00 135.00 136.00 137.00 138.00 139.00 140.00 141.00
071.00 072.00 073.00 074.00 075.00 076.00 077.00 078.00 079.00 080.00 081.00 082.00 083.00 084.00 085.00 086.00 087.00 088.00 089.00 090.00 091.00 092.00 093.00 094.00 095.00 096.00 097.00 098.00 099.00 100.00 101.00 102.00 103.00 104.00 105.00 106.00 107.00 108.00 109.00 110.00 111.00 112.00 113.00 114.00 115.00 116.00 117.00 118.00 119.00 120.00 121.00 122.00 123.00 124.00 125.00 126.00 127.00 128.00 129.00 130.00 131.00 132.00 133.00 134.00 135.00 136.00 137.00 138.00 139.00 140.00 141.00
071.00 072.00 073.00 074.00 075.00 076.00 077.00 078.00 079.00 080.00 081.00 082.00 083.00 084.00 085.00 086.00 087.00 088.00 089.00 090.00 091.00 092.00 093.00 094.00 095.00 096.00 097.00 098.00 099.00 100.00 101.00 102.00 103.00 104.00 105.00 106.00 107.00 108.00 109.00 110.00 111.00 112.00 113.00 114.00 115.00 116.00 117.00 118.00 119.00 120.00 121.00 122.00 123.00 124.00 125.00 126.00 127.00 128.00 129.00 130.00 131.00 132.00 133.00 134.00 135.00 136.00 137.00 138.00 139.00 140.00 141.00
071.00 072.00 073.00 074.00 075.00 076.00 077.00 078.00 079.00 080.00 081.00 082.00 083.00 084.00 085.00 086.00 087.00 088.00 089.00 090.00 091.00 092.00 093.00 094.00 095.00 096.00 097.00 098.00 099.00 100.00 101.00 102.00 103.00 104.00 105.00 106.00 107.00 108.00 109.00 110.00 111.00 112.00 113.00 114.00 115.00 116.00 117.00 118.00 119.00 120.00 121.00 122.00 123.00 124.00 125.00 126.00 127.00 128.00 129.00 130.00 131.00 132.00 133.00 134.00 135.00 136.00 137.00 138.00 139.00 140.00 141.00
071.00 072.00 073.00 074.00 075.00 076.00 077.00 078.00 079.00 080.00 081.00 082.00 083.00 084.00 085.00 086.00 087.00 088.00 089.00 090.00 091.00 092.00 093.00 094.00 095.00 096.00 097.00 098.00 099.00 100.00 101.00 102.00 103.00 104.00 105.00 106.00 107.00 108.00 109.00 110.00 111.00 112.00 113.00 114.00 115.00 116.00 117.00 118.00 119.00 120.00 121.00 122.00 123.00 124.00 125.00 126.00 127.00 128.00 129.00 130.00 131.00 132.00 133.00 134.00 135.00 136.00 137.00 138.00 139.00 140.00 141.00
071.00 072.00 073.00 074.00 075.00 076.00 077.00 078.00 079.00 080.00 081.00 082.00 083.00 084.00 085.00 086.00 087.00 088.00 089.00 090.00 091.00 092.00 093.00 094.00 095.00 096.00 097.00 098.00 099.00 100.00 101.00 102.00 103.00 104.00 105.00 106.00 107.00 108.00 109.00 110.00 111.00 112.00 113.00 114.00 115.00 116.00 117.00 118.00 119.00 120.00 121.00 122.00 123.00 124.00 125.00 126.00 127.00 128.00 129.00 130.00 131.00 132.00 133.00 134.00 135.00 136.00 137.00 138.00 139.00 140.00 141.00
071.00 072.00 073.00 074.00 075.00 076.00 077.00 078.00 079.00 080.00 081.00 082.00 083.00 084.00 085.00 086.00 087.00 088.00 089.00 090.00 091.00 092.00 093.00 094.00 095.00 096.00 097.00 098.00 099.00 100.00 101.00 102.00 103.00 104.00 105.00 106.00 107.00 108.00 109.00 110.00 111.00 112.00 113.00 114.00 115.00 116.00 117.00 118.00 119.00 120.00 121.00 122.00 123.00 124.00 125.00 126.00 127.00 128.00 129.00 130.00 131.00 132.00 133.00 134.00 135.00 136.00 137.00 138.00 139.00 140.00 141.00
071.00 072.00 073.00 074.00 075.00 076.00 077.00 078.00 079.00 080.00 081.00 082.00 083.00 084.00 085.00 086.00 087.00 088.00 089.00 090.00 091.00 092.00 093.00 094.00 095.00 096.00 097.00 098.00 099.00 100.00 101.00 102.00 103.00 104.00 105.00 106.00 107.00 108.00 109.00 110.00 111.00 112.00 113.00 114.00 115.00 116.00 117.00 118.00 119.00 120.00 121.00 122.00 123.00 124.00 125.00 126.00 127.00 128.00 129.00 130.00 131.00 132.00 133.00 134.00 135.00 136.00 137.00 138.00 139.00 140.00 141.00
071.00 072.00 073.00 074.00 075.00 076.00 077.00 078.00 079.00 080.00 081.00 082.00 083.00 084.00 085.00 086.00 087.00 088.00 089.00 090.00 091.00 092.00 093.00 094.00 095.00 096.00 097.00 098.00 099.00 100.00 101.00 102.00 103.00 104.00 105.00 106.00 107.00 108.00 109.00 110.00 111.00 112.00 113.00 114.00 115.00 116.00 117.00 118.00 119.00 120.00 121.00 122.00 123.00 124.00 125.00 126.00 127.00 128.00 129.00 130.00 131.00 132.00 133.00 134.00 135.00 136.00 137.00 138.00 139.00 140.00 141.00
071.00 072.00 073.00 074.00 075.00 076.00 077.00 078.00 079.00 080.00 081.00 082.00 083.00 084.00 085.00 086.00 087.00 088.00 089.00 090.00 091.00 092.00 093.00 094.00 095.00 096.00 097.00 098.00 099.00 100.00 101.00 102.00 103.00 104.00 105.00 106.00 107.00 108.00 109.00 110.00 111.00 112.00 113.00 114.00 115.00 116.00 117.00 118.00 119.00 120.00 121.00 122.00 123.00 124.00 125.00 126.00 127.00 128.00 129.00 130.00 131.00 132.00 133.00 134.00 135.00 136.00 137.00 138.00 139.00 140.00 141.00
071.00 072.00 073.00 074.00 075.00 076.00 077.00 078.00 079.00 080.00 081.00 082.00 083.00 084.00 085.00 086.00 087.00 088.00 089.00 090.00 091.00 092.00 093.00 094.00 095.00 096.00 097.00 098.00 099.00 100.00 101.00 102.00 103.00 104.00 105.00 106.00 107.00 108.00 109.00 110.00 111.00 112.00 113.00 114.00 115.00 116.00 117.00 118.00 119.00 120.00 121.00 122.00 123.00 124.00 125.00 126.00 127.00 128.00 129.00 130.00 131.00 132.00 133.00 134.00 135.00 136.00 137.00 138.00 139.00 140.00 141.00
071.00 072.00 073.00 074.00 075.00 076.00 077.00 078.00 079.00 080.00 081.00 082.00 083.00 084.00 085.00 086.00 087.00 088.00 089.00 090.00 091.00 092.00 093.00 094.00 095.00 096.00 097.00 098.00 099.00 100.00 101.00 102.00 103.00 104.00 105.00 106.00 107.00 108.00 109.00 110.00 111.00 112.00 113.00 114.00 115.00 116.00 117.00 118.00 119.00 120.00 121.00 122.00 123.00 124.00 125.00 126.00 127.00 128.00 129.00 130.00 131.00 132.00 133.00 134.00 135.00 136.00 137.00 138.00 139.00 140.00 141.00
071.00 072.00 073.00 074.00 075.00 076.00 077.00 078.00 079.00 080.00 081.00 082.00 083.00 084.00 085.00 086.00 087.00 088.00 089.00 090.00 091.00 092.00 093.00 094.00 095.00 096.00 097.00 098.00 099.00 100.00 101.00 102.00 103.00 104.00 105.00 106.00 107.00 108.00 109.00 110.00 111.00 112.00 113.00 114.00 115.00 116.00 117.00 118.00 119.00 120.00 121.00 122.00 123.00 124.00 125.00 126.00 127.00 128.00 129.00 130.00 131.00 132.00 133.00 134.00 135.00 136.00 137.00 138.00 139.00 140.00 141.00
071.00 072.00 073.00 074.00 075.00 076.00 077.00 078.00 079.00 080.00 081.00 082.00 083.00 084.00 085.00 086.00 087.00 088.00 089.00 090.00 091.00 092.00 093.00 094.00 095.00 096.00 097.00 098.00 099.00 100.00 101.00 102.00 103.00 104.00 105.00 106.00 107.00 108.00 109.00 110.00 111.00 112.00 113.00 114.00 115.00 116.00 117.00 118.00 119.00 120.00 121.00 122.00 123.00 124.00 125.00 126.00 127.00 128.00 129.00 130.00 131.00 132.00 133.00 134.00 135.00 136.00 137.00 138.00 139.00 140.00 141.00
071.00 072.00 073.00 074.00 075.00 076.00 077.00 078.00 079.00 080.00 081.00 082.00 083.00 084.00 085.00 086.00 087.00 088.00 089.00 090.00 091.00 092.00 093.00 094.00 095.00 096.00 097.00 098.00 099.00 100.00 101.00 102.00 103.00 104.00 105.00 106.00 107.00 108.00 109.00 110.00 111.00 112.00 113.00 114.00 115.00 116.00 117.00 118.00 119.00 120.00 121.00 122.00 123.00 124.00 125.00 126.00 127.00 128.00 129.00 130.00 131.00 132.00 133.00 134.00 135.00 136.00 137.00 138.00 139.00 140.00 141.00
071.00 072.00 073.00 074.00 075.00 076.00 077.00 078.00 079.00 080.00 081.00 082.00 083.00 084.00 085.00 086.00 087.00 088.00 089.00 090.00 091.00 092.00 093.00 094.00 095.00 096.00 097.00 098.00 099.00 100.00 101.00 102.00 103.00 104.00 105.00 106.00 107.00 108.00 109.00 110.00 111.00 112.00 113.00 114.00 115.00 116.00 117.00 118.00 119.00 120.00 121.00 122.00 123.00 124.00 125.00 126.00 127.00 128.00 129.00 130.00 131.00 132.00 133.00 134.00 135.00 136.00 137.00 138.00 139.00 140.00 141.00
071.00 072.00 073.00 074.00 075.00 076.00 077.00 078.00 079.00 080.00 081.00 082.00 083.00 084.00 085.00 086.00 087.00 088.00 089.00 090.00 091.00 092.00 093.00 094.00 095.00 096.00 097.00 098.00 099.00 100.00 101.00 102.00 103.00 104.00 105.00 106.00 107.00 108.00 109.00 110.00 111.00 112.00 113.00 114.00 115.00 116.00 117.00 118.00 119.00 120.00 121.00 122.00 123.00 124.00 125.00 126.00 127.00 128.00 129.00 130.00 131.00 132.00 133.00 134.00 135.00 136.00 137.00 138.00 139.00 140.00 141.00
