HMConTests/TestFiles/out/gradient-mca_asc.asc
ncols        512
nrows        512
xllcorner    0
yllcorner    0
cellsize     1
NODATA_value -3.4028235E+38
[rows 416 to 447 of 512, columns 284 to 354 of 512]
142.00 142.50 143.00 143.50 144.00 144.50 145.00 145.50 146.00 146.50 147.00 147.50 148.00 148.50 149.00 149.50 150.00 150.50 151.00 151.50 152.00 152.50 153.00 153.50 154.00 154.50 155.00 155.50 156.00 156.50 157.00 157.50 158.00 158.50 159.00 159.50 160.00 160.50 161.00 161.50 162.00 162.50 163.00 163.50 164.00 164.50 165.00 165.50 166.00 166.50 167.00 167.50 168.00 168.50 169.00 169.50 170.00 170.50 171.00 171.50 172.00 172.50 173.00 173.50 174.00 174.50 175.00 175.50 176.00 176.50 177.00
142.00 142.50 143.00 143.50 144.00 144.50 145.00 145.50 146.00 146.50 147.00 147.50 148.00 148.50 149.00 149.50 150.00 150.50 151.00 151.50 152.00 152.50 153.00 153.50 154.00 154.50 155.00 155.50 156.00 156.50 157.00 157.50 158.00 158.50 159.00 159.50 160.00 160.50 161.00 161.50 162.00 162.50 163.00 163.50 164.00 164.50 165.00 165.50 166.00 166.50 167.00 167.50 168.00 168.50 169.00 169.50 170.00 170.50 171.00 171.50 172.00 172.50 173.00 173.50 174.00 174.50 175.00 175.50 176.00 176.50 177.00
142.00 142.50 143.00 143.50 144.00 144.50 145.00 145.50 146.00 146.50 147.00 147.50 148.00 148.50 149.00 149.50 150.00 150.50 151.00 151.50 152.00 152.50 153.00 153.50 154.00 154.50 155.00 155.50 156.00 156.50 157.00 157.50 158.00 158.50 159.00 159.50 160.00 160.50 161.00 161.50 162.00 162.50 163.00 163.50 164.00 164.50 165.00 165.50 166.00 166.50 167.00 167.50 168.00 168.50 169.00 169.50 170.00 170.50 171.00 171.50 172.00 172.50 173.00 173.50 174.00 174.50 175.00 175.50 176.00 176.50 177.00
142.00 142.50 143.00 143.50 144.00 144.50 145.00 145.50 146.00 146.50 147.00 147.50 148.00 148.50 149.00 149.50 150.00 150.50 151.00 151.50 152.00 152.50 153.00 153.50 154.00 154.50 155.00 155.50 156.00 156.50 157.00 157.50 158.00 158.50 159.00 159.50 160.00 160.50 161.00 161.50 162.00 162.50 163.00 163.50 164.00 164.50 165.00 165.50 166.00 166.50 167.00 167.50 168.00 168.50 169.00 169.50 170.00 170.50 171.00 171.50 172.00 172.50 173.00 173.50 174.00 174.50 175.00 175.50 176.00 176.50 177.00
142.00 142.50 143.00 143.50 144.00 144.50 145.00 145.50 146.00 146.50 147.00 147.50 148.00 148.50 149.00 149.50 150.00 150.50 151.00 151.50 152.00 152.50 153.00 153.50 154.00 154.50 155.00 155.50 156.00 156.50 157.00 157.50 158.00 158.50 159.00 159.50 160.00 160.50 161.00 161.50 162.00 162.50 163.00 163.50 164.00 164.50 165.00 165.50 166.00 166.50 167.00 167.50 168.00 168.50 169.00 169.50 170.00 170.50 171.00 171.50 172.00 172.50 173.00 173.50 174.00 174.50 175.00 175.50 176.00 176.50 177.00
142.00 142.50 143.00 143.50 144.00 144.50 145.00 145.50 146.00 146.50 147.00 147.50 148.00 148.50 149.00 149.50 150.00 150.50 151.00 151.50 152.00 152.50 153.00 153.50 154.00 154.50 155.00 155.50 156.00 156.50 157.00 157.50 158.00 158.50 159.00 159.50 160.00 160.50 161.00 161.50 162.00 162.50 163.00 163.50 164.00 164.50 165.00 165.50 166.00 166.50 167.00 167.50 168.00 168.50 169.00 169.50 170.00 170.50 171.00 171.50 172.00 172.50 173.00 173.50 174.00 174.50 175.00 175.50 176.00 176.50 177.00
142.00 142.50 143.00 143.50 144.00 144.50 145.00 145.50 146.00 146.50 147.00 147.50 148.00 148.50 149.00 149.50 150.00 150.50 151.00 151.50 152.00 152.50 153.00 153.50 154.00 154.50 155.00 155.50 156.00 156.50 157.00 157.50 158.00 158.50 159.00 159.50 160.00 160.50 161.00 161.50 162.00 162.50 163.00 163.50 164.00 164.50 165.00 165.50 166.00 166.50 167.00 167.50 168.00 168.50 169.00 169.50 170.00 170.50 171.00 171.50 172.00 172.50 173.00 173.50 174.00 174.50 175.00 175.50 176.00 176.50 177.00
142.00 142.50 143.00 143.50 144.00 144.50 145.00 145.50 146.00 146.50 147.00 147.50 148.00 148.50 149.00 149.50 150.00 150.50 151.00 151.50 152.00 152.50 153.00 153.50 154.00 154.50 155.00 155.50 156.00 156.50 157.00 157.50 158.00 158.50 159.00 159.50 160.00 160.50 161.00 161.50 162.00 162.50 163.00 163.50 164.00 164.50 165.00 165.50 166.00 166.50 167.00 167.50 168.00 168.50 169.00 169.50 170.00 170.50 171.00 171.50 172.00 172.50 173.00 173.50 174.00 174.50 175.00 175.50 176.00 176.50 177.00
142.00 142.50 143.00 143.50 144.00 144.50 145.00 145.50 146.00 146.50 147.00 147.50 148.00 148.50 149.00 149.50 150.00 150.50 151.00 151.50 152.00 152.50 153.00 153.50 154.00 154.50 155.00 155.50 156.00 156.50 157.00 157.50 158.00 158.50 159.00 159.50 160.00 160.50 161.00 161.50 162.00 162.50 163.00 163.50 164.00 164.50 165.00 165.50 166.00 166.50 167.00 167.50 168.00 168.50 169.00 169.50 170.00 170.50 171.00 171.50 172.00 172.50 173.00 173.50 174.00 174.50 175.00 175.50 176.00 176.50 177.00
142.00 142.50 143.00 143.50 144.00 144.50 145.00 145.50 146.00 146.50 147.00 147.50 148.00 148.50 149.00 149.50 150.00 150.50 151.00 151.50 152.00 152.50 153.00 153.50 154.00 154.50 155.00 155.50 156.00 156.50 157.00 157.50 158.00 158.50 159.00 159.50 160.00 160.50 161.00 161.50 162.00 162.50 163.00 163.50 164.00 164.50 165.00 165.50 166.00 166.50 167.00 167.50 168.00 168.50 169.00 169.50 170.00 170.50 171.00 171.50 172.00 172.50 173.00 173.50 174.00 174.50 175.00 175.50 176.00 176.50 177.00
142.00 142.50 143.00 143.50 144.00 144.50 145.00 145.50 146.00 146.50 147.00 147.50 148.00 148.50 149.00 149.50 150.00 150.50 151.00 151.50 152.00 152.50 153.00 153.50 154.00 154.50 155.00 155.50 156.00 156.50 157.00 157.50 158.00 158.50 159.00 159.50 160.00 160.50 161.00 161.50 162.00 162.50 163.00 163.50 164.00 164.50 165.00 165.50 166.00 166.50 167.00 167.50 168.00 168.50 169.00 169.50 170.00 170.50 171.00 171.50 172.00 172.50 173.00 173.50 174.00 174.50 175.00 175.50 176.00 176.50 177.00
142.00 142.50 143.00 143.50 144.00 144.50 145.00 145.50 146.00 146.50 147.00 147.50 148.00 148.50 149.00 149.50 150.00 150.50 151.00 151.50 152.00 152.50 153.00 153.50 154.00 154.50 155.00 155.50 156.00 156.50 157.00 157.50 158.00 158.50 159.00 159.50 160.00 160.50 161.00 161.50 162.00 162.50 163.00 163.50 164.00 164.50 165.00 165.50 166.00 166.50 167.00 167.50 168.00 168.50 169.00 169.50 170.00 170.50 171.00 171.50 172.00 172.50 173.00 173.50 174.00 174.50 175.00 175.50 176.00 176.50 177.00
142.00 142.50 143.00 143.50 144.00 144.50 145.00 145.50 146.00 146.50 147.00 147.50 148.00 148.50 149.00 149.50 150.00 150.50 151.00 151.50 152.00 152.50 153.00 153.50 154.00 154.50 155.00 155.50 156.00 156.50 157.00 157.50 158.00 158.50 159.00 159.50 160.00 160.50 161.00 161.50 162.00 162.50 163.00 163.50 164.00 164.50 165.00 165.50 166.00 166.50 167.00 167.50 168.00 168.50 169.00 169.50 170.00 170.50 171.00 171.50 172.00 172.50 173.00 173.50 174.00 174.50 175.00 175.50 176.00 176.50 177.00
142.00 142.50 143.00 143.50 144.00 144.50 145.00 145.50 146.00 146.50 147.00 147.50 148.00 148.50 149.00 149.50 150.00 150.50 151.00 151.50 152.00 152.50 153.00 153.50 154.00 154.50 155.00 155.50 156.00 156.50 157.00 157.50 158.00 158.50 159.00 159.50 160.00 160.50 161.00 161.50 162.00 162.50 163.00 163.50 164.00 164.50 165.00 165.50 166.00 166.50 167.00 167.50 168.00 168.50 169.00 169.50 170.00 170.50 171.00 171.50 172.00 172.50 173.00 173.50 174.00 174.50 175.00 175.50 176.00 176.50 177.00
142.00 142.50 143.00 143.50 144.00 144.50 145.00 145.50 146.00 146.50 147.00 147.50 148.00 148.50 149.00 149.50 150.00 150.50 151.00 151.50 152.00 152.50 153.00 153.50 154.00 154.50 155.00 155.50 156.00 156.50 157.00 157.50 158.00 158.50 159.00 159.50 160.00 160.50 161.00 161.50 162.00 162.50 163.00 163.50 164.00 164.50 165.00 165.50 166.00 166.50 167.00 167.50 168.00 168.50 169.00 169.50 170.00 170.50 171.00 171.50 172.00 172.50 173.00 173.50 174.00 174.50 175.00 175.50 176.00 176.50 177.00
142.00 142.50 143.00 143.50 144.00 144.50 145.00 145.50 146.00 146.50 147.00 147.50 148.00 148.50 149.00 149.50 150.00 150.50 151.00 151.50 152.00 152.50 153.00 153.50 154.00 154.50 155.00 155.50 156.00 156.50 157.00 157.50 158.00 158.50 159.00 159.50 160.00 160.50 161.00 161.50 162.00 162.50 163.00 163.50 164.00 164.50 165.00 165.50 166.00 166.50 167.00 167.50 168.00 168.50 169.00 169.50 170.00 170.50 171.00 171.50 172.00 172.50 173.00 173.50 174.00 174.50 175.00 175.50 176.00 176.50 177.00
142.00 142.50 143.00 143.50 144.00 144.50 145.00 145.50 146.00 146.50 147.00 147.50 148.00 148.50 149.00 149.50 150.00 150.50 151.00 151.50 152.00 152.50 153.00 153.50 154.00 154.50 155.00 155.50 156.00 156.50 157.00 157.50 158.00 158.50 159.00 159.50 160.00 160.50 161.00 161.50 162.00 162.50 163.00 163.50 164.00 164.50 165.00 165.50 166.00 166.50 167.00 167.50 168.00 168.50 169.00 169.50 170.00 170.50 171.00 171.50 172.00 172.50 173.00 173.50 174.00 174.50 175.00 175.50 176.00 176.50 177.00
142.00 142.50 143.00 143.50 144.00 144.50 145.00 145.50 146.00 146.50 147.00 147.50 148.00 148.50 149.00 149.50 150.00 150.50 151.00 151.50 152.00 152.50 153.00 153.50 154.00 154.50 155.00 155.50 156.00 156.50 157.00 157.50 158.00 158.50 159.00 159.50 160.00 160.50 161.00 161.50 162.00 162.50 163.00 163.50 164.00 164.50 165.00 165.50 166.00 166.50 167.00 167.50 168.00 168.50 169.00 169.50 170.00 170.50 171.00 171.50 172.00 172.50 173.00 173.50 174.00 174.50 175.00 175.50 176.00 176.50 177.00
142.00 142.50 143.00 143.50 144.00 144.50 145.00 145.50 146.00 146.50 147.00 147.50 148.00 148.50 149.00 149.50 150.00 150.50 151.00 151.50 152.00 152.50 153.00 153.50 154.00 154.50 155.00 155.50 156.00 156.50 157.00 157.50 158.00 158.50 159.00 159.50 160.00 160.50 161.00 161.50 162.00 162.50 163.00 163.50 164.00 164.50 165.00 165.50 166.00 166.50 167.00 167.50 168.00 168.50 169.00 169.50 170.00 170.50 171.00 171.50 172.00 172.50 173.00 173.50 174.00 174.50 175.00 175.50 176.00 176.50 177.00
142.00 142.50 143.00 143.50 144.00 144.50 145.00 145.50 146.00 146.50 147.00 147.50 148.00 148.50 149.00 149.50 150.00 150.50 151.00 151.50 152.00 152.50 153.00 153.50 154.00 154.50 155.00 155.50 156.00 156.50 157.00 157.50 158.00 158.50 159.00 159.50 160.00 160.50 161.00 161.50 162.00 162.50 163.00 163.50 164.00 164.50 165.00 165.50 166.00 166.50 167.00 167.50 168.00 168.50 169.00 169.50 170.00 170.50 171.00 171.50 172.00 172.50 173.00 173.50 174.00 174.50 175.00 175.50 176.00 176.50 177.00
142.00 142.50 143.00 143.50 144.00 144.50 145.00 145.50 146.00 146.50 147.00 147.50 148.00 148.50 149.00 149.50 150.00 150.50 151.00 151.50 152.00 152.50 153.00 153.50 154.00 154.50 155.00 155.50 156.00 156.50 157.00 157.50 158.00 158.50 159.00 159.50 160.00 160.50 161.00 161.50 162.00 162.50 163.00 163.50 164.00 164.50 165.00 165.50 166.00 166.50 167.00 167.50 168.00 168.50 169.00 169.50 170.00 170.50 171.00 171.50 172.00 172.50 173.00 173.50 174.00 174.50 175.00 175.50 176.00 176.50 177.00
142.00 142.50 143.00 143.50 144.00 144.50 145.00 145.50 146.00 146.50 147.00 147.50 148.00 148.50 149.00 149.50 150.00 150.50 151.00 151.50 152.00 152.50 153.00 153.50 154.00 154.50 155.00 155.50 156.00 156.50 157.00 157.50 158.00 158.50 159.00 159.50 160.00 160.50 161.00 161.50 162.00 162.50 163.00 163.50 164.00 164.50 165.00 165.50 166.00 166.50 167.00 167.50 168.00 168.50 169.00 169.50 170.00 170.50 171.00 171.50 172.00 172.50 173.00 173.50 174.00 174.50 175.00 175.50 176.00 176.50 177.00
142.00 142.50 143.00 143.50 144.00 144.50 145.00 145.50 146.00 146.50 147.00 147.50 148.00 148.50 149.00 149.50 150.00 150.50 151.00 151.50 152.00 152.50 153.00 153.50 154.00 154.50 155.00 155.50 156.00 156.50 157.00 157.50 158.00 158.50 159.00 159.50 160.00 160.50 161.00 161.50 162.00 162.50 163.00 163.50 164.00 164.50 165.00 165.50 166.00 166.50 167.00 167.50 168.00 168.50 169.00 169.50 170.00 170.50 171.00 171.50 172.00 172.50 173.00 173.50 174.00 174.50 175.00 175.50 176.00 176.50 177.00
142.00 142.50 143.00 143.50 144.00 144.50 145.00 145.50 146.00 146.50 147.00 147.50 148.00 148.50 149.00 149.50 150.00 150.50 151.00 151.50 152.00 152.50 153.00 153.50 154.00 154.50 155.00 155.50 156.00 156.50 157.00 157.50 158.00 158.50 159.00 159.50 160.00 160.50 161.00 161.50 162.00 162.50 163.00 163.50 164.00 164.50 165.00 165.50 166.00 166.50 167.00 167.50 168.00 168.50 169.00 169.50 170.00 170.50 171.00 171.50 172.00 172.50 173.00 173.50 174.00 174.50 175.00 175.50 176.00 176.50 177.00
142.00 142.50 143.00 143.50 144.00 144.50 145.00 145.50 146.00 146.50 147.00 147.50 148.00 148.50 149.00 149.50 150.00 150.50 151.00 151.50 152.00 152.50 153.00 153.50 154.00 154.50 155.00 155.50 156.00 156.50 157.00 157.50 158.00 158.50 159.00 159.50 160.00 160.50 161.00 161.50 162.00 162.50 163.00 163.50 164.00 164.50 165.00 165.50 166.00 166.50 167.00 167.50 168.00 168.50 169.00 169.50 170.00 170.50 171.00 171.50 172.00 172.50 173.00 173.50 174.00 174.50 175.00 175.50 176.00 176.50 177.00
142.00 142.50 143.00 143.50 144.00 144.50 145.00 145.50 146.00 146.50 147.00 147.50 148.00 148.50 149.00 149.50 150.00 150.50 151.00 151.50 152.00 152.50 153.00 153.50 154.00 154.50 155.00 155.50 156.00 156.50 157.00 157.50 158.00 158.50 159.00 159.50 160.00 160.50 161.00 161.50 162.00 162.50 163.00 163.50 164.00 164.50 165.00 165.50 166.00 166.50 167.00 167.50 168.00 168.50 169.00 169.50 170.00 170.50 171.00 171.50 172.00 172.50 173.00 173.50 174.00 174.50 175.00 175.50 176.00 176.50 177.00
142.00 142.50 143.00 143.50 144.00 144.50 145.00 145.50 146.00 146.50 147.00 147.50 148.00 148.50 149.00 149.50 150.00 150.50 151.00 151.50 152.00 152.50 153.00 153.50 154.00 154.50 155.00 155.50 156.00 156.50 157.00 157.50 158.00 158.50 159.00 159.50 160.00 160.50 161.00 161.50 162.00 162.50 163.00 163.50 164.00 164.50 165.00 165.50 166.00 166.50 167.00 167.50 168.00 168.50 169.00 169.50 170.00 170.50 171.00 171.50 172.00 172.50 173.00 173.50 174.00 174.50 175.00 175.50 176.00 176.50 177.00
142.00 142.50 143.00 143.50 144.00 144.50 145.00 145.50 146.00 146.50 147.00 147.50 148.00 148.50 149.00 149.50 150.00 150.50 151.00 151.50 152.00 152.50 153.00 153.50 154.00 154.50 155.00 155.50 156.00 156.50 157.00 157.50 158.00 158.50 159.00 159.50 160.00 160.50 161.00 161.50 162.00 162.50 163.00 163.50 164.00 164.50 165.00 165.50 166.00 166.50 167.00 167.50 168.00 168.50 169.00 169.50 170.00 170.50 171.00 171.50 172.00 172.50 173.00 173.50 174.00 174.50 175.00 175.50 176.00 176.50 177.00
142.00 142.50 143.00 143.50 144.00 144.50 145.00 145.50 146.00 146.50 147.00 147.50 148.00 148.50 149.00 149.50 150.00 150.50 151.00 151.50 152.00 152.50 153.00 153.50 154.00 154.50 155.00 155.50 156.00 156.50 157.00 157.50 158.00 158.50 159.00 159.50 160.00 160.50 161.00 161.50 162.00 162.50 163.00 163.50 164.00 164.50 165.00 165.50 166.00 166.50 167.00 167.50 168.00 168.50 169.00 169.50 170.00 170.50 171.00 171.50 172.00 172.50 173.00 173.50 174.00 174.50 175.00 175.50 176.00 176.50 177.00
142.00 142.50 143.00 143.50 144.00 144.50 145.00 145.50 146.00 146.50 147.00 147.50 148.00 148.50 149.00 149.50 150.00 150.50 151.00 151.50 152.00 152.50 153.00 153.50 154.00 154.50 155.00 155.50 156.00 156.50 157.00 157.50 158.00 158.50 159.00 159.50 160.00 160.50 161.00 161.50 162.00 162.50 163.00 163.50 164.00 164.50 165.00 165.50 166.00 166.50 167.00 167.50 168.00 168.50 169.00 169.50 170.00 170.50 171.00 171.50 172.00 172.50 173.00 173.50 174.00 174.50 175.00 175.50 176.00 176.50 177.00
142.00 142.50 143.00 143.50 144.00 144.50 145.00 145.50 146.00 146.50 147.00 147.50 148.00 148.50 149.00 149.50 150.00 150.50 151.00 151.50 152.00 152.50 153.00 153.50 154.00 154.50 155.00 155.50 156.00 156.50 157.00 157.50 158.00 158.50 159.00 159.50 160.00 160.50 161.00 161.50 162.00 162.50 163.00 163.50 164.00 164.50 165.00 165.50 166.00 166.50 167.00 167.50 168.00 168.50 169.00 169.50 170.00 170.50 171.00 171.50 172.00 172.50 173.00 173.50 174.00 174.50 175.00 175.50 176.00 176.50 177.00
142.00 142.50 143.00 143.50 144.00 144.50 145.00 145.50 146.00 146.50 147.00 147.50 148.00 148.50 149.00 149.50 150.00 150.50 151.00 151.50 152.00 152.50 153.00 153.50 154.00 154.50 155.00 155.50 156.00 156.50 157.00 157.50 158.00 158.50 159.00 159.50 160.00 160.50 161.00 161.50 162.00 162.50 163.00 163.50 164.00 164.50 165.00 165.50 166.00 166.50 167.00 167.50 168.00 168.50 169.00 169.50 170.00 170.50 171.00 171.50 172.00 172.50 173.00 173.50 174.00 174.50 175.00 175.50 176.00 176.50 177.00
