HMConTests/TestFiles/out/sample-cropped-maps.zh.asc
ncols        601
nrows        741
xllcorner    2708125
yllcorner    1247590
cellsize     0.5
NODATA_value -3.40282E+38
[rows 32 to 63 of 741, columns 142 to 212 of 601]
661.90 662.04 662.12 662.23 662.37 662.58 662.73 662.85 663.03 663.24 663.54 663.88 664.04 664.13 664.37 664.56 664.74 664.92 665.09 665.28 665.40 665.57 665.64 665.79 665.92 666.03 666.06 666.11 666.28 666.41 666.62 666.73 666.93 667.03 667.19 667.35 667.43 667.61 667.79 667.92 668.03 668.05 668.25 668.34 668.44 668.58 668.69 668.72 668.80 669.06 669.22 669.35 669.47 669.60 669.57 669.72 669.85 669.99 670.07 670.15 670.31 670.46 670.61 670.65 670.91 670.92 670.92 671.11 671.25 671.47 671.65
661.59 661.66 661.80 661.98 662.10 662.31 662.43 662.52 662.78 663.02 663.22 663.51 663.72 663.82 664.07 664.28 664.49 664.70 664.83 664.94 665.10 665.27 665.41 665.53 665.69 665.82 665.91 665.92 665.97 666.02 666.26 666.55 666.72 666.85 666.97 667.01 667.15 667.35 667.48 667.59 667.73 667.88 667.96 668.08 668.22 668.26 668.31 668.51 668.71 668.75 668.90 668.99 669.13 669.20 669.34 669.52 669.56 669.70 669.77 669.96 670.07 670.15 670.36 670.46 670.58 670.66 670.73 670.92 671.08 671.24 671.36
661.36 661.48 661.62 661.73 661.90 662.00 662.17 662.33 662.44 662.71 663.06 663.23 663.37 663.49 663.65 663.88 664.10 664.36 664.62 664.68 664.84 664.92 665.10 665.27 665.44 665.56 665.70 665.75 665.74 665.91 666.06 666.45 666.67 666.69 666.78 666.90 667.04 667.17 667.28 667.42 667.57 667.67 667.67 667.78 667.85 668.03 668.15 668.36 668.45 668.49 668.62 668.73 668.91 668.98 669.07 669.26 669.35 669.51 669.64 669.69 669.85 670.02 670.08 670.17 670.34 670.39 670.56 670.73 670.86 670.99 671.18
661.20 661.31 661.46 661.60 661.71 661.83 661.95 662.16 662.28 662.44 662.59 662.78 662.99 663.19 663.35 663.49 663.71 663.95 664.15 664.29 664.49 664.62 664.80 664.94 665.08 665.27 665.31 665.48 665.55 665.61 665.71 666.14 666.51 666.61 666.58 666.68 666.84 666.96 667.12 667.25 667.40 667.48 667.54 667.58 667.77 667.93 668.04 668.10 668.23 668.36 668.39 668.52 668.67 668.77 668.92 669.02 669.21 669.30 669.43 669.55 669.68 669.76 669.88 670.02 670.13 670.26 670.32 670.51 670.67 670.88 671.05
661.08 661.20 661.34 661.46 661.57 661.75 661.88 662.07 662.16 662.29 662.37 662.61 662.84 663.02 663.12 663.26 663.38 663.49 663.74 664.05 664.21 664.32 664.47 664.57 664.72 664.88 665.02 665.25 665.34 665.27 665.28 665.67 666.01 666.14 666.24 666.36 666.58 666.76 666.87 666.99 667.05 667.27 667.38 667.50 667.65 667.78 667.85 667.95 668.03 668.18 668.27 668.37 668.55 668.62 668.76 668.88 669.03 669.18 669.30 669.42 669.55 669.65 669.77 669.91 670.02 670.14 670.20 670.38 670.52 670.82 671.08
661.05 661.18 661.32 661.39 661.54 661.70 661.82 661.95 662.02 662.18 662.33 662.50 662.68 662.86 663.00 663.04 663.15 663.31 663.49 663.68 663.87 663.99 664.11 664.23 664.46 664.64 664.79 664.93 665.02 665.12 665.12 665.27 665.40 665.58 665.80 665.83 666.16 666.42 666.58 666.70 666.90 667.08 667.22 667.44 667.57 667.64 667.72 667.86 668.00 668.10 668.14 668.28 668.41 668.53 668.69 668.81 669.00 669.11 669.22 669.37 669.49 669.61 669.72 669.88 669.99 670.11 670.27 670.42 670.60 670.79 670.95
661.08 661.17 661.30 661.43 661.54 661.70 661.73 661.87 662.00 662.15 662.28 662.41 662.53 662.70 662.87 662.87 663.04 663.12 663.30 663.46 663.59 663.74 663.91 664.06 664.26 664.40 664.48 664.64 664.85 664.90 664.91 665.07 665.18 665.35 665.48 665.70 665.82 665.88 666.09 666.35 666.57 666.85 666.94 667.23 667.41 667.47 667.61 667.80 667.87 667.99 667.98 668.06 668.22 668.41 668.63 668.83 668.87 669.03 669.12 669.28 669.42 669.54 669.66 669.77 669.95 670.06 670.19 670.36 670.52 670.71 670.91
661.07 661.20 661.30 661.42 661.52 661.63 661.73 661.88 661.98 662.13 662.25 662.36 662.51 662.62 662.73 662.83 662.98 663.07 663.19 663.34 663.47 663.60 663.82 663.96 664.10 664.20 664.34 664.46 664.59 664.74 664.85 664.91 665.05 665.21 665.34 665.43 665.55 665.68 665.87 666.00 666.25 666.37 666.54 666.63 666.81 667.10 667.28 667.46 667.61 667.68 667.65 667.79 667.98 668.27 668.44 668.67 668.78 668.93 669.08 669.14 669.34 669.45 669.59 669.70 669.80 670.02 670.12 670.15 670.40 670.61 670.65
661.09 661.22 661.32 661.42 661.54 661.66 661.82 661.88 661.99 662.10 662.23 662.33 662.44 662.59 662.73 662.82 662.90 662.98 663.13 663.26 663.37 663.49 663.64 663.82 663.90 664.09 664.20 664.28 664.44 664.50 664.73 664.85 664.92 665.02 665.18 665.24 665.36 665.42 665.63 665.75 665.88 666.03 666.21 666.37 666.46 666.69 666.79 667.05 667.18 667.27 667.45 667.61 667.69 667.91 668.10 668.31 668.50 668.64 668.77 669.07 669.15 669.23 669.38 669.54 669.64 669.69 669.80 669.93 670.09 670.21 670.35
661.12 661.23 661.34 661.49 661.58 661.72 661.81 661.91 662.01 662.12 662.25 662.39 662.47 662.60 662.73 662.83 662.89 662.99 663.09 663.20 663.34 663.46 663.57 663.68 663.84 663.94 664.05 664.25 664.27 664.46 664.52 664.64 664.67 664.83 664.95 665.03 665.17 665.15 665.30 665.44 665.61 665.80 665.87 666.18 666.22 666.34 666.54 666.68 666.89 667.08 667.19 667.30 667.51 667.63 667.78 667.94 668.08 668.28 668.60 668.69 668.87 668.99 669.18 669.17 669.36 669.33 669.50 669.58 669.85 669.95 670.09
661.09 661.23 661.38 661.54 661.62 661.72 661.85 661.94 662.03 662.17 662.29 662.39 662.49 662.57 662.72 662.79 662.89 662.99 663.12 663.24 663.32 663.44 663.54 663.66 663.76 663.87 664.05 664.06 664.14 664.26 664.28 664.41 664.61 664.71 664.82 664.89 665.06 665.07 665.19 665.37 665.56 665.80 665.90 666.05 666.23 666.34 666.49 666.56 666.69 666.85 667.02 667.17 667.33 667.36 667.46 667.58 667.84 667.99 668.19 668.44 668.59 668.73 668.72 668.99 669.20 669.23 669.40 669.73 669.98 670.15 670.41
660.98 661.11 661.28 661.42 661.57 661.70 661.81 661.92 662.03 662.02 662.22 662.38 662.47 662.56 662.67 662.71 662.87 662.98 663.09 663.20 663.30 663.39 663.51 663.59 663.71 663.79 663.88 663.98 664.17 664.21 664.31 664.40 664.50 664.62 664.80 664.92 665.00 665.08 665.24 665.35 665.67 665.84 665.97 666.09 666.17 666.44 666.58 666.65 666.76 666.83 666.97 667.07 667.17 667.33 667.45 667.55 667.62 667.85 668.02 668.20 668.35 668.36 668.66 668.78 669.09 669.10 669.39 669.70 670.00 670.28 670.58
661.05 661.11 661.12 661.22 661.38 661.56 661.64 661.75 661.80 661.80 661.90 662.21 662.33 662.44 662.50 662.57 662.70 662.83 662.91 663.09 663.19 663.28 663.35 663.41 663.57 663.62 663.84 663.93 664.08 664.26 664.37 664.45 664.43 664.65 664.84 665.00 665.13 665.22 665.42 665.56 665.72 665.99 666.10 666.21 666.41 666.68 666.86 666.96 667.04 667.05 667.13 667.21 667.39 667.58 667.65 667.76 667.81 668.01 668.10 668.21 668.38 668.45 668.60 668.74 669.00 669.11 669.27 669.51 669.88 670.15 670.42
661.14 661.21 661.28 661.28 661.31 661.43 661.50 661.61 661.56 661.75 661.77 662.13 662.34 662.45 662.55 662.60 662.66 662.71 662.83 663.01 663.00 663.16 663.38 663.57 663.58 663.63 663.85 664.07 664.23 664.34 664.44 664.61 664.70 664.95 665.02 665.15 665.32 665.46 665.71 665.86 666.03 666.14 666.37 666.46 666.67 666.86 667.03 667.16 667.28 667.36 667.50 667.78 667.87 667.90 668.00 668.08 668.21 668.27 668.38 668.43 668.49 668.52 668.77 668.97 669.14 669.31 669.35 669.54 669.79 669.93 670.15
661.41 661.47 661.54 661.50 661.54 661.63 661.74 661.85 661.93 662.04 662.20 662.46 662.52 662.55 662.70 662.78 662.86 662.91 662.97 663.15 663.21 663.44 663.71 663.77 663.84 664.01 664.14 664.23 664.36 664.48 664.67 664.71 664.90 665.07 665.22 665.37 665.51 665.74 665.93 666.08 666.25 666.33 666.44 666.67 666.87 667.02 667.18 667.38 667.45 667.57 667.81 667.97 668.14 668.29 668.42 668.52 668.57 668.66 668.70 668.75 668.78 668.91 669.03 669.11 669.18 669.30 669.42 669.62 669.78 669.95 670.21
661.62 661.72 661.79 661.84 661.93 662.00 662.10 662.18 662.39 662.63 662.75 662.79 662.85 662.87 662.89 663.00 663.08 663.25 663.42 663.55 663.62 663.80 663.91 663.96 664.26 664.27 664.25 664.34 664.56 664.63 664.83 664.92 665.07 665.24 665.39 665.58 665.73 665.92 666.16 666.31 666.42 666.57 666.76 666.92 667.07 667.21 667.42 667.49 667.64 667.84 667.99 668.12 668.28 668.43 668.55 668.67 668.75 668.87 668.94 669.04 669.12 669.19 669.26 669.34 669.40 669.47 669.58 669.71 669.89 670.13 670.25
661.96 661.99 662.12 662.26 662.34 662.42 662.50 662.72 662.99 663.00 663.18 663.15 663.19 663.24 663.26 663.33 663.42 663.50 663.65 663.78 663.95 664.07 664.10 664.29 664.40 664.38 664.49 664.66 664.84 665.05 665.19 665.30 665.41 665.57 665.71 665.91 666.05 666.22 666.44 666.58 666.74 666.90 667.00 667.15 667.25 667.40 667.56 667.70 667.86 668.02 668.16 668.30 668.41 668.55 668.72 668.79 668.95 669.03 669.14 669.27 669.35 669.43 669.48 669.49 669.55 669.65 669.81 669.99 670.16 670.28 670.51
662.27 662.38 662.53 662.67 662.77 662.85 662.93 663.13 663.29 663.43 663.60 663.63 663.62 663.67 663.69 663.66 663.72 663.81 663.91 664.02 664.16 664.31 664.45 664.55 664.69 664.73 664.80 664.95 665.12 665.31 665.44 665.67 665.82 665.94 666.06 666.26 666.45 666.60 666.75 666.87 667.02 667.17 667.25 667.39 667.51 667.64 667.77 667.89 668.05 668.18 668.33 668.45 668.60 668.76 668.85 669.03 669.13 669.20 669.36 669.43 669.55 669.65 669.73 669.80 669.86 669.96 670.17 670.31 670.39 670.56 670.70
662.80 662.85 663.01 663.15 663.20 663.27 663.37 663.57 663.71 663.80 663.95 664.04 664.05 664.04 664.08 664.08 664.04 664.09 664.19 664.27 664.40 664.52 664.65 664.77 664.99 665.12 665.16 665.30 665.45 665.60 665.80 665.92 666.15 666.31 666.42 666.62 666.78 666.93 667.06 667.16 667.31 667.42 667.51 667.65 667.76 667.85 667.97 668.15 668.22 668.36 668.54 668.68 668.84 668.98 669.06 669.26 669.37 669.48 669.46 669.61 669.77 669.86 669.96 670.07 670.17 670.35 670.45 670.53 670.77 670.90 670.96
663.30 663.41 663.52 663.62 663.70 663.75 663.86 664.03 664.13 664.20 664.32 664.44 664.46 664.44 664.44 664.48 664.48 664.44 664.47 664.57 664.65 664.71 664.87 665.05 665.16 665.26 665.53 665.68 665.75 665.85 666.11 666.24 666.34 666.60 666.76 666.94 667.10 667.24 667.40 667.45 667.53 667.65 667.77 667.84 667.95 668.00 668.24 668.30 668.42 668.51 668.69 668.88 669.03 669.17 669.29 669.46 669.67 669.66 669.77 669.96 670.05 670.19 670.30 670.43 670.59 670.62 670.73 670.86 670.98 671.14 671.29
663.87 663.97 664.06 664.16 664.20 664.27 664.30 664.46 664.58 664.64 664.76 664.86 664.87 664.85 664.83 664.84 664.86 664.83 664.92 664.99 665.00 665.02 665.18 665.38 665.48 665.62 665.80 665.94 666.02 666.22 666.38 666.53 666.73 666.86 667.02 667.21 667.43 667.56 667.67 667.69 667.83 667.89 667.98 668.09 668.13 668.33 668.40 668.49 668.60 668.75 668.88 669.02 669.22 669.40 669.54 669.69 669.89 669.97 670.15 670.33 670.54 670.66 670.68 670.78 670.82 671.03 671.15 671.26 671.39 671.47 671.54
664.43 664.53 664.61 664.65 664.69 664.72 664.81 664.99 665.12 665.13 665.21 665.26 665.27 665.30 665.24 665.23 665.24 665.29 665.28 665.31 665.39 665.46 665.52 665.62 665.79 665.89 666.06 666.21 666.32 666.51 666.65 666.80 666.97 667.14 667.31 667.44 667.67 667.89 667.97 667.96 668.02 668.13 668.15 668.24 668.38 668.48 668.58 668.69 668.74 668.92 669.03 669.22 669.39 669.58 669.76 669.94 670.17 670.39 670.57 670.80 670.92 670.95 670.95 671.07 671.21 671.33 671.55 671.66 671.70 671.77 671.93
665.00 665.06 665.10 665.12 665.24 665.31 665.38 665.47 665.60 665.68 665.65 665.66 665.67 665.71 665.65 665.62 665.71 665.71 665.71 665.74 665.74 665.79 665.85 665.89 666.04 666.15 666.36 666.50 666.62 666.74 666.89 667.06 667.24 667.39 667.55 667.76 667.87 668.05 668.17 668.31 668.30 668.40 668.42 668.42 668.55 668.69 668.78 668.87 668.92 669.04 669.19 669.44 669.71 669.81 670.03 670.21 670.48 670.61 670.80 671.00 671.13 671.18 671.30 671.38 671.52 671.70 671.76 671.89 672.01 672.13 672.36
665.50 665.53 665.57 665.71 665.85 665.94 666.01 666.08 666.09 666.12 666.16 666.03 666.15 666.08 666.13 666.21 666.12 666.09 666.17 666.07 666.13 666.11 666.16 666.22 666.34 666.51 666.65 666.78 666.92 667.04 667.18 667.34 667.51 667.68 667.84 668.01 668.13 668.32 668.51 668.51 668.54 668.59 668.55 668.68 668.77 668.84 668.96 669.00 669.12 669.23 669.40 669.73 669.85 670.12 670.29 670.56 670.75 670.92 671.09 671.29 671.39 671.47 671.65 671.76 671.94 672.06 672.07 672.24 672.40 672.51 672.63
666.12 666.09 666.19 666.32 666.46 666.59 666.62 666.54 666.59 666.58 666.59 666.59 666.64 666.63 666.62 666.59 666.48 666.57 666.54 666.52 666.43 666.45 666.52 666.57 666.76 666.87 666.95 667.04 667.19 667.30 667.48 667.64 667.78 667.96 668.13 668.28 668.36 668.55 668.71 668.77 668.79 668.76 668.84 668.89 668.96 669.08 669.20 669.26 669.30 669.49 669.70 669.89 670.16 670.43 670.67 670.82 671.11 671.29 671.48 671.53 671.67 671.86 671.99 672.14 672.17 672.34 672.41 672.59 672.72 672.84 672.92
666.92 666.94 667.02 667.12 667.20 667.15 667.16 667.06 667.07 667.06 667.04 667.06 667.04 667.05 667.07 666.98 666.96 666.88 666.92 666.87 666.84 666.80 666.87 667.00 667.09 667.19 667.29 667.39 667.48 667.59 667.76 667.93 668.09 668.26 668.40 668.54 668.65 668.80 668.91 669.00 668.99 669.04 669.09 669.19 669.22 669.34 669.41 669.51 669.64 669.67 669.99 670.29 670.50 670.72 671.00 671.22 671.45 671.54 671.71 671.78 671.94 672.18 672.33 672.42 672.50 672.70 672.84 672.92 673.02 673.14 673.22
667.70 667.74 667.78 667.75 667.70 667.65 667.66 667.67 667.60 667.57 667.49 667.46 667.48 667.45 667.44 667.34 667.27 667.24 667.28 667.28 667.23 667.22 667.30 667.39 667.44 667.53 667.63 667.73 667.81 667.93 668.13 668.28 668.43 668.56 668.67 668.79 668.91 669.03 669.14 669.22 669.27 669.29 669.42 669.44 669.48 669.53 669.61 669.75 669.79 670.07 670.27 670.51 670.78 671.04 671.28 671.52 671.66 671.78 671.94 672.02 672.30 672.45 672.52 672.72 672.92 673.01 673.14 673.30 673.43 673.58 673.57
668.10 668.27 668.19 668.19 668.17 668.15 668.15 668.11 668.06 667.87 667.84 667.88 667.87 667.88 667.79 667.82 667.81 667.77 667.76 667.74 667.76 667.75 667.75 667.78 667.87 667.91 667.97 668.07 668.13 668.32 668.46 668.60 668.71 668.83 668.93 669.03 669.10 669.25 669.39 669.46 669.51 669.57 669.62 669.70 669.67 669.70 669.83 669.93 670.01 670.33 670.54 670.76 671.00 671.25 671.50 671.75 671.91 672.03 672.18 672.37 672.60 672.73 672.90 673.09 673.22 673.37 673.49 673.64 673.83 674.06 674.00
668.39 668.54 668.63 668.58 668.61 668.56 668.58 668.52 668.39 668.37 668.33 668.30 668.24 668.31 668.28 668.27 668.27 668.24 668.26 668.24 668.21 668.17 668.19 668.22 668.25 668.31 668.40 668.41 668.57 668.58 668.75 668.84 668.98 669.09 669.10 669.19 669.35 669.47 669.65 669.68 669.74 669.84 669.88 669.85 669.91 670.00 670.05 670.13 670.29 670.51 670.75 670.98 671.22 671.45 671.67 671.93 672.18 672.32 672.46 672.73 672.99 673.12 673.26 673.38 673.52 673.70 673.89 674.04 674.20 674.43 674.45
668.63 668.80 668.90 668.99 668.99 669.01 669.01 668.95 668.86 668.78 668.69 668.65 668.57 668.77 668.74 668.73 668.81 668.76 668.69 668.63 668.62 668.62 668.64 668.66 668.69 668.72 668.77 668.82 668.88 668.94 669.03 669.14 669.22 669.30 669.40 669.51 669.65 669.78 669.82 669.85 669.95 670.03 670.04 670.17 670.17 670.22 670.31 670.46 670.51 670.71 670.95 671.19 671.42 671.66 671.89 672.13 672.35 672.60 672.75 673.05 673.33 673.49 673.60 673.75 673.94 674.06 674.22 674.38 674.49 674.69 674.73
669.00 669.12 669.24 669.34 669.41 669.44 669.45 669.40 669.30 669.08 669.00 669.00 669.04 669.17 669.14 669.14 669.22 669.15 669.11 669.07 669.00 669.04 669.07 669.10 669.14 669.16 669.20 669.26 669.19 669.29 669.34 669.44 669.48 669.56 669.69 669.76 669.83 669.96 670.02 670.04 670.19 670.21 670.31 670.33 670.40 670.43 670.56 670.65 670.73 670.92 671.15 671.39 671.63 671.86 672.10 672.33 672.56 672.81 673.03 673.31 673.53 673.85 673.90 674.11 674.27 674.41 674.59 674.75 674.90 675.01 675.05
669.29 669.45 669.53 669.63 669.78 669.78 669.79 669.73 669.63 669.56 669.42 669.39 669.32 669.38 669.53 669.59 669.52 669.52 669.53 669.48 669.40 669.43 669.46 669.49 669.53 669.54 669.55 669.57 669.62 669.60 669.69 669.74 669.82 669.82 669.94 670.03 670.18 670.22 670.22 670.38 670.42 670.49 670.52 670.52 670.64 670.66 670.70 670.84 670.95 671.13 671.36 671.59 671.83 672.07 672.30 672.54 672.76 673.00 673.25 673.56 673.79 674.06 674.22 674.37 674.54 674.80 674.97 675.08 675.18 675.35 675.43
