HMConTests/TestFiles/out/sample-cropped-maps.zh.asc
ncols        601
nrows        741
xllcorner    2708125
yllcorner    1247590
cellsize     0.5
NODATA_value -3.40282E+38
[rows 608 to 639 of 741, columns 0 to 70 of 601]
628.74 628.75 628.75 628.76 628.77 628.77 628.78 628.78 628.78 628.78 628.77 628.76 628.77 628.78 628.78 628.79 628.79 628.79 628.80 628.80 628.83 628.79 628.92 629.07 629.24 629.30 629.37 629.58 629.75 629.95 630.13 630.22 630.42 630.62 630.66 630.72 630.85 630.96 631.10 631.14 631.16 631.19 631.20 631.19 631.22 631.21 631.19 631.23 631.23 631.26 631.25 631.30 631.37 631.46 631.53 631.65 631.69 631.75 631.84 631.96 632.01 632.05 632.11 632.16 632.18 632.25 632.32 632.31 632.28 632.30 632.29
628.75 628.77 628.78 628.79 628.79 628.80 628.80 628.80 628.81 628.80 628.79 628.77 628.78 628.79 628.80 628.80 628.81 628.82 628.83 628.79 628.84 628.93 629.04 629.19 629.40 629.52 629.65 629.80 629.99 630.19 630.40 630.52 630.66 630.70 630.77 630.84 630.95 631.09 631.14 631.16 631.17 631.21 631.20 631.21 631.20 631.21 631.21 631.23 631.24 631.27 631.34 631.43 631.49 631.55 631.67 631.70 631.78 631.87 632.00 632.02 632.08 632.12 632.16 632.20 632.23 632.28 632.26 632.26 632.26 632.27 632.27
628.77 628.79 628.79 628.81 628.81 628.81 628.78 628.82 628.83 628.82 628.80 628.79 628.80 628.81 628.81 628.80 628.80 628.82 628.80 628.86 629.06 629.15 629.25 629.35 629.62 629.79 629.90 630.06 630.25 630.40 630.50 630.67 630.72 630.83 630.92 630.99 631.07 631.12 631.13 631.17 631.19 631.19 631.19 631.19 631.20 631.21 631.25 631.26 631.32 631.38 631.49 631.54 631.63 631.68 631.70 631.80 631.90 631.96 632.01 632.08 632.14 632.17 632.24 632.28 632.23 632.24 632.24 632.25 632.24 632.23 632.25
628.79 628.80 628.81 628.79 628.79 628.80 628.78 628.79 628.82 628.82 628.80 628.80 628.82 628.84 628.85 628.84 628.83 628.81 628.87 628.99 629.28 629.37 629.45 629.57 629.86 630.06 630.14 630.24 630.44 630.52 630.68 630.73 630.87 630.98 631.01 631.08 631.11 631.15 631.16 631.16 631.18 631.18 631.20 631.19 631.21 631.23 631.25 631.33 631.39 631.50 631.60 631.66 631.71 631.76 631.84 631.92 631.96 632.02 632.09 632.15 632.22 632.21 632.22 632.18 632.20 632.19 632.19 632.18 632.20 632.21 632.20
628.81 628.82 628.78 628.80 628.80 628.80 628.79 628.82 628.81 628.79 628.78 628.80 628.83 628.86 628.88 628.89 628.88 628.90 628.97 629.18 629.43 629.53 629.71 629.89 630.03 630.15 630.30 630.41 630.51 630.71 630.80 630.91 630.99 631.04 631.08 631.10 631.13 631.14 631.15 631.14 631.15 631.17 631.18 631.20 631.22 631.27 631.35 631.44 631.53 631.59 631.64 631.73 631.83 631.89 631.94 631.97 632.03 632.09 632.16 632.12 632.13 632.14 632.14 632.14 632.15 632.14 632.12 632.13 632.13 632.14 632.15
628.78 628.83 628.78 628.79 628.78 628.77 628.79 628.83 628.81 628.82 628.80 628.83 628.86 628.89 628.91 628.93 628.95 629.00 629.20 629.45 629.63 629.78 629.91 630.02 630.20 630.27 630.36 630.53 630.64 630.82 630.97 631.00 631.05 631.08 631.11 631.13 631.12 631.14 631.14 631.14 631.14 631.18 631.21 631.25 631.29 631.38 631.48 631.56 631.60 631.69 631.77 631.86 631.92 631.98 631.99 632.06 632.12 632.10 632.06 632.04 632.08 632.11 632.10 632.06 632.08 632.06 632.07 632.08 632.07 632.07 632.08
628.80 628.82 628.81 628.80 628.82 628.79 628.83 628.77 628.82 628.80 628.82 628.86 628.89 628.92 628.95 628.98 629.20 629.35 629.57 629.68 629.86 629.95 630.03 630.23 630.35 630.40 630.50 630.66 630.83 630.94 631.01 631.05 631.08 631.10 631.11 631.12 631.13 631.14 631.14 631.14 631.16 631.21 631.27 631.33 631.44 631.52 631.60 631.62 631.71 631.80 631.88 631.95 631.99 632.03 632.09 632.14 632.06 632.05 632.03 632.04 632.05 632.03 632.03 632.01 632.02 632.01 632.01 632.01 632.01 632.01 632.02
628.81 628.80 628.79 628.78 628.81 628.80 628.81 628.80 628.79 628.78 628.81 628.89 628.94 628.96 629.11 629.29 629.45 629.55 629.87 629.97 630.10 630.23 630.28 630.37 630.47 630.57 630.73 630.82 630.91 630.98 631.03 631.06 631.09 631.10 631.12 631.13 631.12 631.14 631.15 631.16 631.23 631.31 631.38 631.48 631.57 631.57 631.65 631.76 631.84 631.90 631.95 631.99 632.04 632.08 632.07 632.02 632.00 631.99 632.00 631.99 631.98 631.99 632.00 631.95 631.93 631.97 631.97 631.97 631.95 631.98 632.03
628.77 628.81 628.79 628.77 628.79 628.81 628.81 628.82 628.83 628.84 628.80 628.89 629.02 629.17 629.36 629.45 629.59 629.70 629.94 630.20 630.37 630.43 630.46 630.53 630.67 630.74 630.85 630.90 630.96 631.02 631.03 631.04 631.04 631.07 631.10 631.13 631.14 631.14 631.20 631.27 631.33 631.43 631.54 631.60 631.65 631.70 631.78 631.84 631.88 631.93 632.02 632.07 632.03 632.02 631.99 631.96 631.94 631.92 631.92 631.94 631.96 631.94 631.92 631.93 631.92 631.93 631.92 631.92 631.95 631.97 631.99
628.79 628.80 628.82 628.81 628.80 628.84 628.88 628.90 628.91 628.93 629.02 629.16 629.32 629.41 629.63 629.65 629.76 629.95 630.20 630.47 630.58 630.64 630.67 630.73 630.80 630.87 630.92 630.97 630.99 631.02 631.02 631.03 631.05 631.06 631.10 631.14 631.17 631.23 631.31 631.37 631.43 631.51 631.60 631.71 631.76 631.81 631.83 631.88 631.94 632.04 632.08 632.00 631.97 631.93 631.90 631.90 631.85 631.87 631.89 631.89 631.89 631.90 631.89 631.89 631.90 631.89 631.90 631.92 631.95 631.95 632.01
628.81 628.83 628.77 628.83 628.81 628.89 628.97 629.00 629.02 629.06 629.19 629.32 629.44 629.57 629.68 629.91 630.06 630.24 630.31 630.51 630.77 630.82 630.79 630.85 630.89 630.94 630.95 630.97 630.98 630.99 631.01 631.03 631.04 631.07 631.12 631.18 631.24 631.31 631.40 631.45 631.52 631.61 631.70 631.78 631.81 631.84 631.88 631.93 631.98 631.98 631.96 631.93 631.88 631.86 631.82 631.83 631.84 631.83 631.83 631.84 631.86 631.86 631.86 631.81 631.85 631.86 631.87 631.86 631.91 631.97 632.06
628.82 628.81 628.82 628.85 628.89 628.94 629.02 629.09 629.14 629.24 629.40 629.46 629.58 629.75 630.01 630.08 630.31 630.47 630.64 630.73 630.84 630.88 630.88 630.90 630.96 630.95 630.96 630.96 630.98 630.99 631.01 631.04 631.04 631.10 631.18 631.25 631.33 631.41 631.45 631.55 631.61 631.70 631.78 631.83 631.86 631.94 631.95 631.94 631.94 631.95 631.88 631.86 631.83 631.77 631.80 631.80 631.80 631.80 631.81 631.82 631.83 631.82 631.84 631.85 631.86 631.84 631.86 631.87 631.91 631.99 632.04
628.83 628.89 628.88 628.88 628.91 629.00 629.08 629.16 629.24 629.37 629.58 629.65 629.87 630.09 630.19 630.23 630.38 630.62 630.68 630.77 630.81 630.85 630.93 630.94 630.95 630.95 630.97 630.96 630.97 630.98 630.99 631.04 631.11 631.19 631.25 631.34 631.43 631.47 631.58 631.64 631.68 631.78 631.83 631.88 631.92 631.91 631.88 631.89 631.88 631.85 631.82 631.79 631.77 631.78 631.76 631.77 631.78 631.79 631.79 631.81 631.80 631.83 631.83 631.83 631.82 631.87 631.88 631.87 631.93 631.93 631.98
628.80 628.87 628.92 628.93 628.95 628.92 629.11 629.30 629.36 629.56 629.75 630.03 630.11 630.29 630.31 630.45 630.55 630.63 630.71 630.78 630.85 630.89 630.91 630.93 630.93 630.95 630.97 630.96 630.97 630.98 631.03 631.10 631.16 631.26 631.32 631.40 631.50 631.59 631.65 631.70 631.75 631.85 631.86 631.85 631.85 631.87 631.86 631.82 631.81 631.78 631.76 631.76 631.76 631.74 631.76 631.76 631.77 631.76 631.78 631.77 631.80 631.82 631.80 631.82 631.84 631.84 631.85 631.85 631.87 631.90 631.92
628.81 628.83 628.88 628.94 628.98 628.91 629.25 629.42 629.63 629.80 630.01 630.13 630.25 630.36 630.47 630.54 630.61 630.66 630.75 630.83 630.85 630.88 630.90 630.91 630.93 630.93 630.94 630.97 630.98 631.05 631.10 631.17 631.24 631.32 631.40 631.50 631.61 631.67 631.71 631.75 631.82 631.84 631.79 631.81 631.84 631.84 631.81 631.78 631.76 631.75 631.74 631.72 631.70 631.72 631.72 631.73 631.74 631.74 631.77 631.78 631.78 631.79 631.81 631.82 631.83 631.84 631.85 631.85 631.84 631.87 631.88
628.84 628.83 628.86 628.89 629.02 629.31 629.48 629.69 629.87 629.96 630.07 630.24 630.37 630.45 630.54 630.65 630.68 630.74 630.79 630.86 630.88 630.88 630.90 630.92 630.94 630.92 630.97 630.98 631.06 631.11 631.17 631.25 631.34 631.44 631.51 631.61 631.64 631.71 631.73 631.74 631.77 631.77 631.78 631.80 631.81 631.82 631.78 631.74 631.71 631.70 631.69 631.70 631.69 631.68 631.70 631.71 631.73 631.73 631.74 631.74 631.75 631.77 631.79 631.80 631.83 631.82 631.83 631.84 631.84 631.82 631.85
628.80 628.68 628.83 628.99 629.37 629.56 629.73 629.91 630.04 630.09 630.14 630.26 630.39 630.50 630.63 630.71 630.77 630.81 630.83 630.87 630.87 630.87 630.88 630.91 630.93 630.96 630.98 631.05 631.13 631.20 631.27 631.37 631.46 631.54 631.59 631.65 631.70 631.70 631.70 631.69 631.72 631.76 631.76 631.76 631.76 631.76 631.74 631.70 631.67 631.68 631.69 631.66 631.66 631.66 631.69 631.68 631.70 631.70 631.71 631.72 631.74 631.75 631.76 631.79 631.79 631.79 631.80 631.82 631.83 631.84 631.83
628.83 628.87 628.98 629.37 629.56 629.80 629.87 630.03 630.21 630.22 630.23 630.32 630.45 630.61 630.72 630.79 630.83 630.84 630.85 630.86 630.87 630.88 630.87 630.94 630.94 630.97 631.09 631.14 631.20 631.28 631.39 631.49 631.56 631.63 631.66 631.66 631.67 631.67 631.69 631.71 631.73 631.74 631.75 631.72 631.72 631.71 631.67 631.66 631.65 631.65 631.64 631.65 631.65 631.67 631.68 631.68 631.69 631.68 631.69 631.70 631.71 631.73 631.73 631.75 631.78 631.79 631.80 631.81 631.81 631.82 631.82
628.90 629.11 629.38 629.64 629.73 629.94 630.04 630.18 630.22 630.26 630.32 630.39 630.60 630.71 630.79 630.83 630.85 630.85 630.83 630.86 630.89 630.89 630.93 630.93 630.98 631.08 631.13 631.23 631.32 631.44 631.49 631.56 631.65 631.61 631.64 631.65 631.64 631.66 631.68 631.70 631.72 631.74 631.73 631.71 631.68 631.66 631.64 631.64 631.62 631.62 631.63 631.65 631.66 631.66 631.67 631.67 631.67 631.68 631.69 631.69 631.71 631.71 631.72 631.75 631.78 631.79 631.78 631.79 631.79 631.81 631.83
629.17 629.46 629.71 629.86 629.96 630.04 630.12 630.24 630.30 630.35 630.47 630.58 630.70 630.78 630.85 630.83 630.84 630.84 630.87 630.87 630.90 630.91 630.95 631.05 631.09 631.13 631.24 631.35 631.43 631.50 631.55 631.58 631.55 631.58 631.61 631.62 631.63 631.65 631.69 631.69 631.69 631.71 631.70 631.69 631.67 631.64 631.62 631.62 631.59 631.60 631.64 631.64 631.64 631.66 631.65 631.65 631.67 631.69 631.66 631.67 631.68 631.69 631.71 631.76 631.76 631.77 631.77 631.80 631.81 631.82 631.84
629.37 629.60 629.87 630.01 630.08 630.15 630.23 630.31 630.41 630.53 630.60 630.72 630.78 630.83 630.83 630.82 630.84 630.84 630.87 630.88 630.91 630.95 631.03 631.09 631.20 631.28 631.35 631.42 631.53 631.54 631.53 631.53 631.56 631.57 631.61 631.64 631.65 631.66 631.67 631.67 631.69 631.68 631.67 631.67 631.65 631.63 631.61 631.59 631.60 631.59 631.60 631.62 631.63 631.62 631.64 631.65 631.65 631.64 631.65 631.66 631.68 631.69 631.71 631.75 631.77 631.76 631.77 631.79 631.83 631.89 631.96
629.69 629.83 629.98 630.06 630.17 630.25 630.31 630.40 630.53 630.62 630.72 630.79 630.82 630.82 630.83 630.84 630.84 630.84 630.86 630.92 630.98 631.04 631.12 631.23 631.31 631.36 631.47 631.54 631.50 631.50 631.50 631.51 631.54 631.57 631.61 631.62 631.64 631.64 631.65 631.65 631.66 631.67 631.67 631.65 631.64 631.60 631.59 631.57 631.56 631.58 631.60 631.60 631.61 631.63 631.63 631.63 631.65 631.64 631.65 631.64 631.67 631.70 631.70 631.71 631.75 631.76 631.79 631.85 631.99 632.07 632.07
629.94 629.97 630.07 630.16 630.22 630.35 630.43 630.47 630.63 630.74 630.81 630.81 630.82 630.82 630.83 630.85 630.85 630.87 630.91 630.97 631.05 631.17 631.26 631.32 631.37 631.41 631.44 631.48 631.49 631.48 631.50 631.52 631.54 631.59 631.59 631.61 631.61 631.63 631.61 631.65 631.63 631.63 631.63 631.62 631.62 631.61 631.60 631.60 631.57 631.58 631.60 631.60 631.62 631.61 631.62 631.63 631.64 631.64 631.65 631.65 631.66 631.68 631.69 631.72 631.72 631.79 631.93 632.08 632.10 632.08 632.07
630.02 630.09 630.17 630.27 630.37 630.47 630.54 630.63 630.77 630.80 630.81 630.82 630.82 630.82 630.85 630.88 630.89 630.93 631.01 631.07 631.15 631.23 631.34 631.42 631.44 631.44 631.49 631.48 631.49 631.49 631.50 631.53 631.54 631.57 631.57 631.59 631.60 631.62 631.62 631.61 631.62 631.60 631.61 631.62 631.61 631.61 631.62 631.60 631.58 631.57 631.59 631.60 631.59 631.60 631.62 631.63 631.64 631.62 631.65 631.64 631.68 631.69 631.70 631.72 631.72 631.93 632.06 632.07 632.08 632.07 632.05
630.14 630.22 630.30 630.38 630.54 630.59 630.66 630.75 630.77 630.79 630.82 630.81 630.83 630.83 630.87 630.88 630.93 630.97 631.07 631.15 631.23 631.30 631.42 631.52 631.54 631.46 631.46 631.47 631.46 631.50 631.51 631.51 631.54 631.56 631.56 631.59 631.60 631.59 631.61 631.61 631.60 631.60 631.63 631.61 631.61 631.61 631.62 631.61 631.58 631.58 631.58 631.61 631.59 631.60 631.61 631.63 631.64 631.63 631.64 631.67 631.67 631.67 631.70 631.71 631.71 631.96 632.05 632.06 632.05 632.04 632.05
630.29 630.40 630.46 630.55 630.61 630.70 630.74 630.76 630.77 630.77 630.80 630.82 630.84 630.85 630.88 630.92 630.99 631.06 631.16 631.22 631.31 631.41 631.51 631.51 631.46 631.45 631.47 631.47 631.49 631.50 631.51 631.51 631.54 631.56 631.57 631.58 631.56 631.59 631.57 631.59 631.59 631.59 631.62 631.60 631.61 631.61 631.62 631.62 631.59 631.59 631.59 631.58 631.60 631.58 631.59 631.62 631.62 631.64 631.66 631.68 631.70 631.72 631.69 631.69 631.71 631.91 632.05 632.07 632.02 632.04 632.04
630.40 630.51 630.58 630.68 630.74 630.75 630.77 630.78 630.78 630.78 630.80 630.82 630.86 630.87 630.93 631.00 631.08 631.14 631.22 631.30 631.38 631.48 631.45 631.45 631.46 631.47 631.48 631.51 631.49 631.51 631.52 631.52 631.56 631.56 631.56 631.57 631.58 631.55 631.57 631.57 631.59 631.59 631.60 631.61 631.61 631.60 631.61 631.60 631.59 631.59 631.57 631.59 631.58 631.59 631.60 631.61 631.62 631.64 631.67 631.70 631.78 631.72 631.70 631.71 631.71 631.97 632.03 632.02 632.03 632.02 632.02
630.51 630.58 630.67 630.73 630.75 630.76 630.73 630.80 630.76 630.79 630.81 630.83 630.88 630.96 631.06 631.12 631.16 631.23 631.29 631.39 631.49 631.47 631.44 631.44 631.48 631.49 631.49 631.52 631.51 631.53 631.53 631.54 631.54 631.56 631.56 631.56 631.57 631.55 631.56 631.57 631.57 631.59 631.60 631.60 631.61 631.60 631.60 631.59 631.58 631.59 631.57 631.58 631.58 631.58 631.58 631.61 631.62 631.65 631.66 631.73 631.78 631.70 631.71 631.71 631.78 631.98 632.02 632.01 632.02 632.00 632.00
630.59 630.68 630.73 630.75 630.73 630.74 630.76 630.77 630.78 630.79 630.83 630.90 630.96 631.04 631.13 631.19 631.25 631.31 631.41 631.48 631.47 631.45 631.46 631.46 631.47 631.50 631.51 631.52 631.52 631.52 631.53 631.55 631.57 631.56 631.56 631.57 631.56 631.55 631.56 631.55 631.56 631.57 631.60 631.59 631.59 631.59 631.59 631.59 631.58 631.57 631.56 631.55 631.55 631.57 631.58 631.59 631.60 631.62 631.65 631.69 631.72 631.73 631.71 631.72 631.74 632.04 632.01 632.01 632.00 631.98 631.98
630.67 630.72 630.73 630.72 630.74 630.74 630.75 630.77 630.79 630.84 630.89 630.99 631.03 631.12 631.19 631.25 631.32 631.44 631.46 631.45 631.44 631.48 631.46 631.48 631.48 631.50 631.51 631.51 631.52 631.52 631.55 631.54 631.55 631.56 631.56 631.55 631.55 631.55 631.55 631.55 631.56 631.55 631.55 631.56 631.56 631.56 631.57 631.56 631.56 631.56 631.56 631.55 631.57 631.58 631.59 631.57 631.60 631.61 631.61 631.63 631.65 631.69 631.68 631.70 631.80 632.00 632.00 631.98 631.97 631.96 631.96
630.73 630.71 630.72 630.72 630.75 630.75 630.76 630.80 630.85 630.90 631.02 631.08 631.14 631.20 631.28 631.35 631.44 631.45 631.46 631.47 631.46 631.46 631.47 631.48 631.49 631.49 631.49 631.51 631.52 631.53 631.53 631.53 631.55 631.54 631.53 631.54 631.53 631.54 631.56 631.54 631.54 631.55 631.53 631.54 631.54 631.55 631.55 631.56 631.54 631.55 631.56 631.57 631.56 631.56 631.57 631.60 631.59 631.59 631.60 631.62 631.63 631.65 631.67 631.69 631.79 631.98 631.99 631.96 631.95 631.95 631.94
630.69 630.73 630.72 630.74 630.74 630.75 630.79 630.85 630.91 631.02 631.10 631.17 631.23 631.28 631.34 631.40 631.44 631.47 631.48 631.48 631.47 631.47 631.46 631.48 631.49 631.49 631.49 631.50 631.51 631.52 631.53 631.53 631.55 631.53 631.55 631.53 631.53 631.55 631.54 631.52 631.52 631.53 631.54 631.55 631.54 631.54 631.54 631.54 631.54 631.55 631.56 631.55 631.54 631.55 631.56 631.57 631.59 631.62 631.61 631.61 631.62 631.63 631.64 631.67 631.95 632.00 631.97 631.96 631.93 631.93 631.92
