HMConTests/TestFiles/out/sample-cropped-maps.zh.asc
ncols        601
nrows        741
xllcorner    2708125
yllcorner    2708590
cellsize     0.5
NODATA_value -3.40282E+38
[rows 192 to 223 of 741, columns 432 to 503 of 601]
707.2 707.18 707.05 707 706.97 706.85 706.68 706.5 706.28 706.01 705.91 705.64 705.38 705.17 704.95 704.55 704.31 704.04 703.81 703.7 703.57 703.51 703.46 703.38 703.25 702.94 702.75 702.39 702.06 701.75 701.52 701.15 700.88 700.74 700.71 700.7 700.61 700.64 700.7 700.71 700.75 700.78 700.97 701.2 701.48 701.78 702.18 702.49 702.49 702.43 702.44 702.64 702.89 703.22 703.43 704.03 704.74 704.94 705.08 705.31 705.56 705.75 705.93 706.14 706.27 706.3 706.42 706.55 706.56 706.39 706.29 706.22
706.98 706.94 706.89 706.84 706.71 706.57 706.38 706.19 705.88 705.72 705.48 705.23 704.89 704.64 704.26 704.21 703.89 703.69 703.56 703.56 703.51 703.47 703.29 703.09 702.76 702.6 702.23 701.88 701.63 701.33 701 700.68 700.55 700.48 700.27 700.11 700.12 700.15 700.29 700.32 700.31 700.35 700.58 700.73 701.08 701.37 701.76 702.11 702.23 702.31 702.23 702.27 702.53 702.74 703.02 703.45 704.1 704.48 704.69 704.86 705.16 705.35 705.59 705.78 705.81 705.9 706.01 706.07 706 705.84 705.81 705.68
706.8 706.76 706.66 706.59 706.43 706.2 705.94 705.72 705.58 705.33 705.07 704.78 704.4 704.14 703.99 703.75 703.59 703.43 703.32 703.37 703.33 703.2 702.93 702.61 702.37 702.16 701.78 701.48 701.2 700.82 700.47 700.44 700.19 699.96 699.71 699.77 699.75 699.78 699.82 699.91 699.84 700.02 700.12 700.34 700.7 700.92 701.26 701.68 701.9 702.12 702.16 702.08 702.15 702.39 702.67 702.81 703.41 703.87 704.13 704.33 704.67 704.82 705.26 705.33 705.38 705.48 705.58 705.59 705.52 705.39 705.34 705.29
706.55 706.48 706.37 706.22 706.02 705.78 705.6 705.42 705.2 704.87 704.58 704.27 704.11 703.74 703.6 703.5 703.39 703.25 703.05 703 702.97 702.79 702.47 702.15 701.89 701.67 701.34 701.03 700.76 700.61 700.33 700 699.67 699.45 699.35 699.41 699.45 699.36 699.35 699.39 699.43 699.45 699.82 699.97 700.26 700.57 700.83 701.16 701.49 701.82 702.01 702.04 701.99 702.04 702.25 702.37 702.71 702.97 703.24 703.61 703.88 704.14 704.56 704.74 704.87 704.97 704.95 705 704.96 704.87 704.8 704.73
706.3 706.09 705.95 705.84 705.64 705.43 705.24 704.99 704.72 704.44 704.08 703.9 703.64 703.59 703.49 703.43 703.04 702.92 702.79 702.65 702.46 702.31 701.96 701.72 701.47 701.18 700.84 700.69 700.51 700.19 699.82 699.41 699.26 699.06 699.08 699.03 698.98 698.99 698.97 699 699.11 699.21 699.34 699.58 699.84 700.11 700.42 700.7 701.04 701.38 701.72 701.92 701.76 701.75 701.87 702.01 702.26 702.51 702.76 702.99 703.22 703.48 703.8 703.99 704.21 704.35 704.28 704.22 704.33 704.33 704.24 704.16
705.93 705.83 705.65 705.42 705.26 704.97 704.72 704.53 704.28 704.01 703.77 703.58 703.55 703.51 703.51 703.28 702.9 702.58 702.43 702.21 702.01 701.85 701.55 701.29 700.94 700.68 700.44 700.23 700.04 699.69 699.29 699.11 698.89 698.77 698.69 698.64 698.61 698.56 698.62 698.64 698.67 698.88 699.07 699.16 699.51 699.8 700.05 700.37 700.64 700.95 701.37 701.64 701.64 701.6 701.57 701.67 701.93 702.05 702.2 702.46 702.7 702.91 703.13 703.34 703.52 703.61 703.65 703.68 703.73 703.78 703.74 703.67
705.51 705.4 705.17 704.97 704.74 704.47 704.34 704.05 703.79 703.67 703.53 703.55 703.52 703.5 703.37 703.15 702.77 702.35 702.09 701.87 701.61 701.4 701.03 700.78 700.43 700.25 700.02 699.74 699.32 699.15 698.93 698.72 698.58 698.45 698.35 698.31 698.24 698.18 698.32 698.37 698.41 698.43 698.61 698.65 698.98 699.29 699.62 699.98 700.32 700.55 700.86 701.23 701.5 701.55 701.46 701.41 701.43 701.61 701.78 702.02 702.25 702.41 702.65 702.81 702.92 703.04 703.17 703.29 703.32 703.23 703.3 703.25
704.72 704.74 704.55 704.42 704.23 704.09 703.78 703.65 703.6 703.57 703.56 703.55 703.49 703.21 702.92 702.76 702.35 701.96 701.71 701.58 701.34 700.91 700.56 700.3 700.06 699.82 699.5 699.24 698.95 698.77 698.58 698.44 698.22 698.1 697.96 697.96 697.85 697.86 697.91 698.05 698.13 698.03 698.06 698.32 698.7 698.9 699.15 699.58 699.83 700.09 700.44 700.74 701 701.25 701.42 701.28 701.21 701.33 701.43 701.61 701.78 701.89 702.11 702.34 702.44 702.55 702.71 702.77 702.88 702.83 702.83 702.85
704.29 704.28 704.09 703.96 703.87 703.72 703.68 703.59 703.58 703.6 703.53 703.31 703.02 702.74 702.45 702.25 701.88 701.51 701.21 701.05 700.84 700.55 700.3 700.03 699.65 699.33 699.02 698.81 698.61 698.48 698.27 697.98 697.86 697.65 697.6 697.58 697.57 697.56 697.64 697.72 697.61 697.73 697.81 698.12 698.27 698.53 698.76 699.03 699.3 699.68 700.04 700.35 700.66 700.95 701.17 701.2 701.18 701.08 701.08 701.2 701.33 701.48 701.63 701.81 701.97 702.08 702.22 702.24 702.27 702.32 702.39 702.37
703.94 703.87 703.77 703.74 703.71 703.68 703.67 703.54 703.44 703.29 703.14 702.87 702.58 702.27 702 701.73 701.4 701.14 700.83 700.47 700.37 700.08 699.83 699.51 699.2 698.86 698.67 698.49 698.35 698.11 697.84 697.59 697.5 697.36 697.31 697.31 697.34 697.28 697.31 697.42 697.43 697.5 697.61 697.71 697.84 698.1 698.37 698.63 698.83 699.17 699.62 700.02 700.26 700.5 700.72 700.99 701.03 700.98 700.93 700.85 700.98 701.1 701.23 701.36 701.5 701.53 701.61 701.7 701.85 701.89 701.93 701.89
703.79 703.73 703.68 703.68 703.65 703.62 703.47 703.3 703.09 702.91 702.68 702.57 702.13 701.82 701.6 701.24 701.03 700.65 700.3 700.05 699.83 699.54 699.17 698.93 698.7 698.58 698.28 698.1 697.96 697.7 697.43 697.28 697.08 697.07 697.09 697.01 697.06 697.03 697.03 697.09 697.19 697.22 697.25 697.31 697.51 697.72 697.95 698.17 698.46 698.77 699.2 699.57 699.79 700.06 700.35 700.55 700.81 700.86 700.82 700.66 700.64 700.79 700.87 700.97 701 701.05 701.09 701.19 701.31 701.39 701.42 701.41
703.72 703.71 703.55 703.47 703.36 703.25 703.01 702.81 702.72 702.44 702.26 702.09 701.74 701.42 701.19 700.91 700.54 700.22 699.86 699.54 699.26 699.01 698.63 698.55 698.38 698.18 697.95 697.74 697.49 697.23 697.14 697 696.81 696.78 696.75 696.69 696.68 696.75 696.77 696.83 696.82 696.89 696.91 697.01 697.18 697.3 697.6 697.83 698.11 698.39 698.76 698.97 699.35 699.63 699.97 700.25 700.44 700.58 700.66 700.68 700.56 700.5 700.5 700.52 700.55 700.62 700.78 700.81 700.75 700.71 700.87 700.9
703.4 703.3 703.2 702.96 702.89 702.76 702.56 702.42 702.32 702.05 701.95 701.67 701.34 701.07 700.73 700.32 700.01 699.8 699.41 699.05 698.74 698.5 698.39 698.14 698.01 697.8 697.65 697.28 697.04 696.89 696.86 696.75 696.58 696.49 696.41 696.41 696.45 696.49 696.5 696.5 696.49 696.56 696.56 696.65 696.79 696.99 697.29 697.48 697.76 698.05 698.36 698.68 698.93 699.25 699.52 699.83 700.04 700.31 700.46 700.54 700.5 700.39 700.36 700.3 700.25 700.31 700.37 700.31 700.31 700.28 700.44 700.41
702.97 702.85 702.68 702.63 702.59 702.37 702.16 702.06 701.79 701.67 701.57 701.28 700.91 700.64 700.27 699.9 699.57 699.3 699.01 698.58 698.43 698.12 697.93 697.83 697.62 697.28 697.01 696.88 696.74 696.58 696.53 696.49 696.3 696.15 696.1 696.14 696.12 696.2 696.26 696.26 696.18 696.23 696.28 696.36 696.51 696.63 696.94 697.18 697.4 697.7 698.07 698.31 698.67 698.89 699.1 699.45 699.68 699.89 700.1 700.25 700.28 700.28 700.29 700.14 700.12 700.08 700.01 699.99 699.99 699.96 699.95 699.99
702.53 702.43 702.38 702.23 702.17 701.98 701.76 701.73 701.43 701.32 701.17 700.96 700.52 700.19 699.81 699.55 699.21 698.78 698.31 698.15 697.9 697.71 697.62 697.49 697.24 696.92 696.66 696.55 696.39 696.34 696.24 696.16 695.93 695.92 695.9 695.86 695.95 695.98 696 695.98 695.94 695.97 696.01 696.12 696.23 696.4 696.56 696.78 697.01 697.31 697.63 698.05 698.37 698.56 698.85 699.04 699.27 699.44 699.63 699.79 699.93 700.06 700.05 699.99 699.99 699.94 699.86 699.83 699.75 699.67 699.67 699.61
702.31 702.15 702.02 701.88 701.71 701.63 701.5 701.35 701.12 701 700.77 700.55 700.01 699.67 699.39 699.05 698.64 698.3 698.01 697.76 697.52 697.34 697.21 696.93 696.73 696.58 696.4 696.27 696.18 696.03 695.92 695.81 695.76 695.66 695.63 695.67 695.75 695.76 695.72 695.69 695.68 695.72 695.73 695.68 695.74 696 696.12 696.34 696.6 696.9 697.25 697.8 698.09 698.3 698.51 698.6 698.85 698.96 699.1 699.32 699.49 699.67 699.71 699.74 699.82 699.79 699.75 699.7 699.62 699.57 699.47 699.42
701.93 701.8 701.67 701.53 701.39 701.27 701.21 700.95 700.72 700.58 700.31 700.02 699.54 699.28 698.96 698.41 698.18 697.84 697.61 697.41 697.17 696.92 696.73 696.48 696.32 696.21 696.07 695.96 695.82 695.77 695.65 695.57 695.48 695.42 695.4 695.44 695.5 695.54 695.43 695.43 695.4 695.39 695.36 695.42 695.46 695.55 695.69 695.88 696.2 696.47 696.71 697.2 697.66 697.9 698.02 698.21 698.37 698.54 698.77 698.92 699.08 699.26 699.35 699.32 699.48 699.54 699.49 699.54 699.56 699.5 699.42 699.33
701.57 701.4 701.29 701.27 701 700.73 700.67 700.49 700.31 700.14 699.9 699.58 699.19 698.89 698.51 698.14 697.77 697.51 697.23 697.02 696.8 696.57 696.38 696.14 696.01 695.92 695.72 695.6 695.54 695.46 695.37 695.35 695.3 695.22 695.2 695.21 695.26 695.22 695.17 695.18 695.1 695.07 694.98 695.08 695.16 695.2 695.34 695.54 695.74 695.92 696.17 696.51 696.9 697.22 697.4 697.52 697.81 698.14 698.27 698.39 698.59 698.91 698.93 698.99 699.08 699.07 699.23 699.2 699.22 699.21 699.24 699.23
701.23 701.06 700.9 700.7 700.45 700.37 700.23 700.08 699.88 699.68 699.49 699.04 698.72 698.43 698.09 697.85 697.6 697.26 696.93 696.66 696.44 696.27 696.03 695.92 695.82 695.6 695.31 695.24 695.14 695.11 695.12 695.06 695.01 694.93 694.94 694.99 694.92 694.89 694.9 694.91 694.78 694.66 694.76 694.77 694.87 694.92 695 695.08 695.21 695.46 695.67 695.87 696.04 696.32 696.63 696.84 697.22 697.49 697.75 697.85 697.99 698.13 698.26 698.33 698.52 698.67 698.78 698.8 698.76 698.82 698.9 698.94
700.83 700.73 700.56 700.34 700.2 699.96 699.8 699.61 699.3 699.22 699 698.61 698.38 697.97 697.74 697.59 697.29 696.99 696.67 696.45 696.17 696.03 695.82 695.63 695.46 695.32 695.09 695.02 694.9 694.87 694.82 694.73 694.68 694.64 694.64 694.67 694.66 694.67 694.64 694.53 694.48 694.5 694.49 694.52 694.56 694.61 694.67 694.73 694.87 694.92 695.1 695.27 695.4 695.76 696.05 696.29 696.53 696.8 697.03 697.2 697.29 697.44 697.66 697.9 698.06 698.21 698.31 698.41 698.47 698.47 698.5 698.52
700.51 700.27 700.14 700.09 699.91 699.68 699.41 699.24 699.09 698.82 698.53 698.3 698.01 697.74 697.51 697.29 696.97 696.75 696.44 696.16 695.9 695.77 695.56 695.36 695.14 694.98 694.9 694.76 694.7 694.6 694.51 694.48 694.51 694.44 694.44 694.44 694.48 694.39 694.34 694.36 694.28 694.25 694.22 694.27 694.28 694.41 694.4 694.42 694.46 694.52 694.61 694.8 694.9 695.22 695.49 695.72 695.94 696.11 696.4 696.55 696.7 696.85 697.12 697.3 697.46 697.67 697.79 697.88 698.06 698.14 698.09 698.06
699.99 699.9 699.73 699.66 699.36 699.1 699.09 698.96 698.67 698.46 698.29 697.86 697.67 697.49 697.26 697.04 696.72 696.42 696.1 695.84 695.69 695.49 695.24 695 694.91 694.75 694.69 694.53 694.4 694.29 694.24 694.21 694.24 694.2 694.27 694.24 694.25 694.17 694.22 694.14 694 693.91 693.95 693.99 694.08 694.09 694.13 694.05 694.06 694.11 694.18 694.33 694.49 694.69 694.92 695.17 695.31 695.52 695.82 696.04 696.22 696.46 696.54 696.69 696.89 697.07 697.23 697.41 697.66 697.84 697.68 697.69
699.56 699.38 699.22 699.05 698.9 698.9 698.72 698.48 698.3 698.21 697.84 697.61 697.4 697.22 696.97 696.59 696.31 696.11 695.68 695.49 695.3 694.97 694.79 694.69 694.66 694.55 694.4 694.21 694.13 694.03 694 693.97 693.95 694.05 693.99 693.95 694.05 694.03 693.92 693.81 693.71 693.64 693.64 693.71 693.74 693.73 693.72 693.69 693.66 693.75 693.8 693.93 694.09 694.2 694.41 694.62 694.86 695.04 695.32 695.61 695.8 695.95 696.03 696.11 696.35 696.55 696.64 696.75 697.1 697.28 697.28 697.23
699.14 698.99 698.85 698.8 698.68 698.58 698.4 698.23 697.96 697.79 697.56 697.35 697.13 696.74 696.33 696.04 695.76 695.6 695.21 695.01 694.79 694.56 694.44 694.39 694.33 694.19 694.03 693.9 693.78 693.77 693.8 693.8 693.75 693.73 693.72 693.68 693.61 693.58 693.59 693.49 693.42 693.35 693.47 693.39 693.36 693.34 693.37 693.32 693.3 693.34 693.44 693.56 693.7 693.8 693.96 694.14 694.31 694.61 694.97 695.13 695.26 695.39 695.46 695.54 695.79 695.81 696.16 696.1 696.17 696.49 696.62 696.71
698.84 698.68 698.62 698.47 698.37 698.24 698 697.82 697.63 697.39 697.26 696.91 696.53 696.16 695.72 695.5 695.21 694.94 694.68 694.52 694.44 694.24 694.17 694.13 693.92 693.76 693.71 693.57 693.54 693.51 693.49 693.45 693.44 693.37 693.45 693.36 693.28 693.24 693.17 693.12 693.18 693.07 693.08 693.08 693.07 692.97 692.94 692.94 692.96 693.05 693.14 693.18 693.31 693.44 693.57 693.74 693.89 694.09 694.38 694.48 694.59 694.71 694.84 694.9 695.09 695.17 695.3 695.35 695.38 695.7 695.76 696.02
698.43 698.28 698.16 698.06 698 697.74 697.55 697.42 697.27 696.91 696.58 696.34 695.87 695.4 695.25 695.07 694.79 694.43 694.15 694.06 693.92 693.88 693.8 693.69 693.52 693.4 693.32 693.3 693.26 693.2 693.15 693.1 693.13 693.13 693.12 693.1 693.01 692.96 692.86 692.88 692.85 692.84 692.81 692.71 692.69 692.68 692.63 692.64 692.65 692.76 692.7 692.81 692.88 692.98 693.15 693.31 693.41 693.52 693.75 693.84 693.95 694.06 694.12 694.17 694.27 694.07 694.44 694.68 694.66 694.93 695.17 695.23
697.84 697.91 697.75 697.54 697.44 697.23 697.16 697.01 696.64 696.27 695.92 695.72 695.19 694.86 694.71 694.34 694.02 693.86 693.76 693.59 693.55 693.49 693.36 693.25 693.12 693.14 693.06 692.92 692.87 692.93 692.78 692.74 692.88 692.87 692.84 692.83 692.78 692.72 692.66 692.63 692.6 692.64 692.46 692.41 692.39 692.33 692.35 692.34 692.29 692.37 692.3 692.35 692.47 692.55 692.63 692.77 692.87 692.96 693.12 693.2 693.3 693.42 693.35 693.55 693.51 693.56 693.71 693.91 694.02 694.21 694.44 694.6
697.52 697.41 697.2 696.91 696.78 696.78 696.67 696.51 696.11 695.71 695.35 695.14 694.73 694.43 694.14 693.91 693.65 693.6 693.48 693.27 693.19 693.11 692.97 693.03 692.9 692.71 692.64 692.62 692.58 692.4 692.41 692.49 692.55 692.63 692.59 692.58 692.58 692.56 692.48 692.45 692.36 692.31 692.21 692.15 692.14 692.13 692.04 692 691.94 691.96 691.98 691.97 692.03 692.03 692.02 692.22 692.34 692.43 692.49 692.57 692.67 692.76 692.86 693.04 693.07 693.14 693.21 693.35 693.5 693.53 693.72 694.04
696.92 696.82 696.61 696.5 696.4 696.34 696.21 696 695.6 695.19 694.86 694.6 694.28 693.96 693.67 693.49 693.3 693.17 693.06 692.86 692.79 692.62 692.63 692.67 692.38 692.38 692.32 692.25 692.19 692.22 692.21 692.21 692.28 692.39 692.34 692.37 692.37 692.35 692.34 692.24 692.16 692.08 692 691.96 691.92 691.85 691.73 691.7 691.65 691.62 691.63 691.63 691.61 691.6 691.68 691.73 691.76 691.82 692.02 692.12 692.25 692.28 692.49 692.56 692.65 692.69 692.72 692.87 693.04 693.11 693.26 693.37
696.48 696.38 696.24 695.91 695.87 695.9 695.6 695.24 694.78 694.57 694.37 694.14 693.74 693.52 693.35 693.04 692.83 692.74 692.62 692.49 692.44 692.29 692.2 692.09 692.1 692.06 691.98 691.97 692 692 692.02 692.02 692.07 692.13 692.11 692.12 692.2 692.15 692.09 692.04 692.02 691.94 691.93 691.84 691.76 691.67 691.58 691.53 691.49 691.39 691.34 691.33 691.28 691.11 691.26 691.2 691.28 691.36 691.52 691.67 691.8 691.95 692.05 692.06 692.18 692.27 692.28 692.39 692.54 692.63 692.71 692.83
695.98 695.84 695.55 695.43 695.09 695.05 694.68 694.4 694.16 693.99 693.77 693.48 693.4 693.18 692.91 692.7 692.5 692.28 692.18 692.16 692.09 691.94 691.82 691.84 691.83 691.75 691.72 691.76 691.77 691.79 691.84 691.81 691.83 691.93 691.95 691.99 691.99 691.96 691.94 691.91 691.91 691.83 691.74 691.73 691.58 691.5 691.46 691.35 691.24 691.12 691.08 691.04 691.03 690.96 690.92 690.94 690.91 690.95 691.01 691.2 691.45 691.57 691.65 691.73 691.8 691.83 691.93 692 692.1 692.2 692.22 692.38
695.62 695.39 695.08 694.66 694.48 694.34 694.05 693.85 693.67 693.45 693.21 693.05 692.93 692.73 692.63 692.42 692.2 692.03 691.91 691.89 691.79 691.75 691.64 691.6 691.54 691.55 691.55 691.54 691.56 691.56 691.6 691.64 691.7 691.76 691.8 691.79 691.8 691.76 691.78 691.81 691.74 691.73 691.59 691.53 691.47 691.41 691.29 691.17 691.01 690.92 690.86 690.78 690.77 690.74 690.66 690.6 690.57 690.6 690.64 690.73 690.79 691.04 691.21 691.28 691.34 691.52 691.58 691.65 691.7 691.82 691.83 691.84
