HMConTests/TestFiles/out/sample-cropped-maps.zh.asc
ncols        601
nrows        741
xllcorner    2708125
yllcorner    2708590
cellsize     0.5
NODATA_value -3.40282E+38
[rows 256 to 287 of 741, columns 144 to 215 of 601]
680.77 681.17 681.28 681.53 681.77 682.08 682.29 682.51 682.73 682.83 683.05 683.31 683.44 683.59 683.73 683.99 684.11 684.27 684.54 684.67 684.82 684.95 685.11 685.39 685.58 685.64 685.77 685.96 686.14 686.23 686.42 686.6 686.8 686.96 687.09 687.24 687.44 687.64 687.71 687.83 688 688.16 688.2 688.21 688.51 688.59 688.65 688.79 688.92 689.07 689.19 689.28 689.43 689.59 689.56 689.66 689.69 689.68 689.71 689.77 689.71 689.72 689.7 689.64 689.66 689.7 689.53 689.36 689.25 689.27 689.22 689.13
680.62 680.93 681.19 681.43 681.66 681.86 682.15 682.37 682.55 682.77 682.95 683.11 683.24 683.45 683.63 683.82 683.96 684.1 684.28 684.41 684.64 684.76 685 685.12 685.23 685.36 685.6 685.72 685.82 686 686.15 686.33 686.47 686.71 686.85 686.98 687.16 687.32 687.45 687.63 687.78 687.86 688.02 688.13 688.18 688.3 688.46 688.65 688.75 688.76 688.78 688.94 689.1 689.25 689.35 689.37 689.34 689.43 689.57 689.6 689.49 689.44 689.37 689.33 689.26 689.2 689.08 688.93 689 688.86 688.75 688.76
680.58 680.77 680.99 681.32 681.49 681.73 681.95 682.17 682.39 682.61 682.73 682.88 683.15 683.22 683.45 683.62 683.75 683.89 684.01 684.18 684.41 684.57 684.71 684.84 684.95 685.15 685.25 685.44 685.58 685.74 685.95 686.09 686.28 686.44 686.58 686.68 686.86 687.04 687.21 687.43 687.42 687.66 687.8 687.88 687.94 688.12 688.32 688.42 688.49 688.46 688.61 688.7 688.86 688.95 689.06 689.07 689.16 689.16 689.29 689.17 689.15 689.07 689.01 688.95 688.85 688.75 688.66 688.52 688.54 688.51 688.48 688.44
680.53 680.69 680.84 681.12 681.37 681.54 681.81 682.05 682.18 682.38 682.57 682.81 683.01 683.14 683.3 683.43 683.51 683.66 683.8 683.96 684.17 684.23 684.4 684.55 684.66 684.77 684.95 685.06 685.28 685.47 685.58 685.85 686.07 686.2 686.3 686.42 686.62 686.76 686.85 687.03 687.23 687.33 687.52 687.71 687.85 687.93 688.09 688.11 688.17 688.25 688.36 688.45 688.54 688.54 688.68 688.74 688.88 688.81 688.73 688.72 688.7 688.58 688.5 688.37 688.28 688.39 688.28 688.16 688.05 688.07 688 688.05
680.47 680.53 680.7 680.98 681.13 681.39 681.63 681.91 682.04 682.22 682.43 682.63 682.82 682.96 683.09 683.25 683.35 683.47 683.63 683.68 683.82 683.96 684.08 684.31 684.44 684.5 684.72 684.86 684.95 685.19 685.37 685.6 685.66 685.85 685.91 686.06 686.28 686.45 686.55 686.79 686.85 687.11 687.29 687.47 687.69 687.77 687.81 687.92 687.99 688.04 688.13 688.2 688.21 688.28 688.37 688.47 688.43 688.41 688.39 688.31 688.21 688.16 688.03 688 687.98 687.84 687.82 687.71 687.6 687.64 687.53 687.53
680.28 680.43 680.62 680.74 680.94 681.2 681.45 681.71 681.87 682.17 682.31 682.51 682.63 682.74 682.86 683 683.18 683.33 683.4 683.49 683.53 683.64 683.81 683.96 684.14 684.28 684.48 684.54 684.68 684.91 684.98 685.17 685.33 685.44 685.58 685.72 685.89 686.04 686.19 686.41 686.59 686.77 687.02 687.22 687.32 687.51 687.62 687.72 687.79 687.88 687.91 688 688.05 688.14 688.21 688.18 688.18 688.08 687.95 687.84 687.8 687.71 687.66 687.62 687.43 687.46 687.48 687.41 687.33 687.25 687.17 687.13
680.17 680.29 680.43 680.54 680.71 681.01 681.22 681.46 681.75 681.93 682.08 682.18 682.32 682.52 682.6 682.84 682.92 683.01 683.12 683.25 683.32 683.42 683.54 683.71 683.81 683.93 684.15 684.31 684.42 684.55 684.71 684.9 685.04 685.12 685.36 685.4 685.52 685.71 685.9 686.04 686.19 686.39 686.56 686.86 687.03 687.21 687.38 687.55 687.67 687.66 687.69 687.72 687.87 687.93 687.87 687.79 687.8 687.59 687.53 687.38 687.26 687.24 687.2 687.08 687.09 687.01 687.07 686.99 686.97 686.82 686.71 686.79
679.93 680.15 680.3 680.39 680.49 680.7 680.98 681.24 681.4 681.65 681.7 681.79 681.95 682.13 682.29 682.53 682.65 682.73 682.85 682.99 683.09 683.17 683.29 683.43 683.52 683.66 683.8 683.96 684.13 684.23 684.39 684.55 684.72 684.81 684.88 685.06 685.26 685.41 685.52 685.67 685.76 685.94 686.26 686.51 686.73 687.01 687.17 687.32 687.38 687.43 687.43 687.46 687.5 687.53 687.47 687.4 687.27 687.1 687.03 686.99 687 686.86 686.71 686.7 686.67 686.7 686.52 686.39 686.68 686.45 686.3 686.31
679.62 679.94 680.11 680.16 680.24 680.43 680.64 680.76 680.89 681.1 681.24 681.42 681.62 681.86 681.91 682.07 682.07 682.29 682.47 682.67 682.85 682.91 683.03 683.1 683.23 683.38 683.53 683.7 683.83 683.98 684.1 684.21 684.23 684.33 684.54 684.76 684.88 685.11 685.14 685.23 685.53 685.71 685.89 686.19 686.48 686.71 686.85 686.98 687.06 687.13 687.16 687.17 687.1 687.21 687.1 686.89 686.65 686.61 686.55 686.47 686.46 686.37 686.26 686.25 686.27 686.11 686 685.95 686.1 686 685.91 685.86
679.35 679.6 679.84 679.98 680.03 680.15 680.2 680.28 680.51 680.67 680.84 681.06 681.14 681.33 681.48 681.63 681.83 682.05 682.1 682.38 682.46 682.74 682.74 682.84 682.95 683.07 683.29 683.37 683.51 683.68 683.82 683.93 683.97 684.09 684.11 684.27 684.45 684.7 684.89 685.03 685.2 685.41 685.64 685.93 686.16 686.39 686.56 686.71 686.73 686.85 686.79 686.74 686.71 686.47 686.43 686.23 686.11 686.19 686.13 685.88 685.86 685.94 685.98 685.91 685.82 685.73 685.61 685.58 685.54 685.44 685.46 685.46
679.11 679.38 679.65 679.78 679.89 679.81 679.93 680 680.18 680.29 680.47 680.71 680.77 680.89 681.06 681.22 681.52 681.62 681.72 681.94 682.09 682.31 682.39 682.53 682.6 682.84 682.89 683.07 683.22 683.39 683.41 683.58 683.8 683.74 683.79 683.85 684.04 684.24 684.38 684.52 684.86 685.09 685.38 685.73 686 686.04 686.22 686.35 686.4 686.35 686.19 686.24 686.08 685.86 685.67 685.71 685.71 685.56 685.63 685.38 685.43 685.55 685.55 685.49 685.36 685.35 685.11 685.08 685.07 685.11 685.1 685.06
678.91 679.16 679.48 679.6 679.65 679.71 679.65 679.7 679.8 680.03 680.2 680.25 680.29 680.6 680.8 681 681.04 681.1 681.33 681.45 681.58 681.88 681.91 682.13 682.3 682.38 682.53 682.76 682.92 682.97 683.04 683.15 683.27 683.36 683.37 683.47 683.65 683.75 683.91 684.1 684.32 684.53 684.83 685.21 685.63 685.84 685.87 685.88 685.82 685.71 685.6 685.54 685.41 685.3 685.33 685.32 685.03 684.95 684.92 684.92 684.94 685.08 685.03 684.85 684.83 684.64 684.65 684.65 684.7 684.7 684.71 684.59
678.73 678.94 679.03 679.28 679.38 679.42 679.41 679.42 679.59 679.77 679.71 679.95 680.04 680.27 680.44 680.39 680.54 680.58 680.83 680.95 681.2 681.48 681.54 681.6 681.81 681.93 682.08 682.24 682.48 682.51 682.6 682.55 682.71 682.86 682.94 683.04 683.15 683.35 683.44 683.61 683.85 683.9 684.29 684.69 685.05 685.15 685.29 685.23 685.08 685.06 685.04 684.83 684.74 684.79 684.92 684.73 684.52 684.49 684.41 684.35 684.43 684.62 684.38 684.31 684.3 684.18 684.14 684.23 684.26 684.17 684.32 684.23
678.45 678.62 678.84 678.96 679.09 679.11 679.18 679.2 679.28 679.35 679.39 679.54 679.73 679.85 679.94 680 680.02 680.08 680.28 680.44 680.66 680.89 681.07 681.17 681.31 681.27 681.46 681.51 681.48 681.76 681.91 681.95 682.14 682.26 682.4 682.59 682.78 682.91 683.03 683.12 683.37 683.48 683.7 683.94 684.25 684.5 684.55 684.62 684.6 684.47 684.37 684.22 684.27 684.15 684.13 684.02 684.09 684.02 683.94 683.86 683.87 683.89 683.7 683.81 683.82 683.74 683.77 683.75 683.85 683.87 683.96 683.85
678.28 678.37 678.53 678.65 678.71 678.79 678.89 678.9 679.03 679.03 678.99 679.12 679.26 679.37 679.36 679.51 679.49 679.61 679.69 679.84 680.1 680.29 680.56 680.54 680.62 680.65 680.8 680.82 680.87 681.01 681.32 681.42 681.58 681.65 681.88 682.09 682.23 682.33 682.49 682.75 682.81 682.92 683.04 683.4 683.43 683.69 683.96 684.1 683.85 683.85 683.86 683.79 683.76 683.73 683.66 683.56 683.62 683.52 683.48 683.3 683.24 683.22 683.22 683.26 683.28 683.42 683.36 683.38 683.43 683.35 683.33 683.4
678.08 678.24 678.33 678.39 678.44 678.47 678.55 678.58 678.62 678.72 678.77 678.73 678.78 678.8 678.8 678.88 678.91 679 679.21 679.38 679.49 679.7 679.84 679.97 680 680.04 680.11 680.16 680.32 680.46 680.7 680.88 681.03 681.22 681.38 681.5 681.6 681.69 682.11 682.31 682.24 682.31 682.64 682.62 682.9 683.19 683.36 683.39 683.33 683.32 683.35 683.23 683.28 683.38 683.34 683.14 683.11 682.95 682.87 682.84 682.81 682.81 682.8 682.76 682.8 682.97 682.96 682.93 682.91 682.93 682.91 683.01
677.87 677.9 677.97 678.16 678.21 678.16 678.16 678.12 678.3 678.17 678.3 678.38 678.43 678.37 678.37 678.43 678.52 678.55 678.63 678.77 678.89 679.12 679.31 679.34 679.35 679.41 679.47 679.67 679.81 679.99 680.14 680.26 680.38 680.62 680.75 680.95 681.07 681.19 681.33 681.46 681.68 681.9 682.11 682.23 682.46 682.47 682.64 682.79 682.74 682.73 682.75 682.79 682.79 682.91 682.87 682.62 682.42 682.39 682.42 682.35 682.43 682.38 682.35 682.36 682.47 682.5 682.42 682.42 682.38 682.46 682.46 682.5
677.55 677.56 677.69 677.75 677.65 677.69 677.67 677.62 677.73 677.64 677.73 677.72 677.67 677.83 677.88 677.93 677.94 678.07 678.14 678.2 678.35 678.58 678.66 678.67 678.69 678.86 679.01 679.15 679.25 679.46 679.49 679.55 679.76 679.97 680.28 680.39 680.52 680.7 680.72 680.69 680.95 681.24 681.52 681.82 681.88 681.87 682.02 682.13 682.21 682.23 682.19 682.18 682.18 682.23 682.19 682.09 681.99 682.03 682 681.85 681.93 682.05 682.1 681.99 682.03 682.08 682.04 681.98 682.01 682.01 682.07 682.11
677.13 677.32 677.34 677.19 677.13 677.15 677.17 677.07 677.2 677.16 677.1 676.97 677.03 677 677.04 677.19 677.35 677.44 677.7 677.7 677.86 677.97 678.02 677.96 678.21 678.37 678.41 678.51 678.66 678.8 678.96 679.07 679.27 679.44 679.6 679.72 679.89 680.01 680.14 680.1 680.42 680.58 680.87 681.09 681.18 681.26 681.41 681.45 681.51 681.53 681.59 681.69 681.6 681.5 681.56 681.55 681.48 681.48 681.56 681.54 681.6 681.61 681.59 681.49 681.51 681.51 681.59 681.51 681.6 681.68 681.7 681.7
676.81 676.69 676.72 676.66 676.57 676.63 676.55 676.56 676.63 676.62 676.66 676.65 676.49 676.43 676.42 676.51 676.76 676.98 677.1 677.21 677.35 677.37 677.46 677.57 677.66 677.72 677.89 677.93 678.05 678.19 678.46 678.63 678.65 678.82 678.87 679.12 679.12 679.33 679.49 679.62 679.74 679.98 680.11 680.36 680.61 680.72 680.8 680.85 680.97 680.95 680.99 681.17 681.07 681.02 680.96 681.09 681.08 681.12 681.16 681.24 681.18 681.12 681.14 681.18 681.08 681.12 681.15 681.16 681.24 681.24 681.28 681.26
676.23 676.17 676.06 676.02 676.1 676.14 676.07 675.99 675.98 676.06 676.14 676.13 676.01 675.98 675.95 676.16 676.3 676.52 676.63 676.67 676.71 676.85 677.04 677.16 677.28 677.33 677.33 677.47 677.48 677.65 677.76 677.97 678 678.1 678.13 678.37 678.58 678.72 678.81 679 679.09 679.27 679.43 679.65 680 680.15 680.32 680.46 680.46 680.49 680.44 680.52 680.63 680.59 680.65 680.64 680.7 680.78 680.81 680.78 680.72 680.68 680.74 680.76 680.77 680.72 680.79 680.8 680.85 680.9 680.9 680.93
675.72 675.55 675.55 675.51 675.45 675.48 675.37 675.3 675.35 675.53 675.58 675.57 675.67 675.72 675.7 675.74 675.8 676.01 676.07 676.21 676.28 676.38 676.63 676.79 676.88 676.87 676.89 676.97 677.05 677.27 677.29 677.34 677.39 677.52 677.66 677.81 678.05 678.15 678.31 678.41 678.59 678.67 678.83 679.21 679.43 679.58 679.81 679.93 679.96 679.86 679.95 680 680.1 680.2 680.2 680.18 680.27 680.35 680.28 680.28 680.28 680.32 680.33 680.31 680.24 680.33 680.4 680.44 680.48 680.42 680.55 680.6
675.11 675.1 675.03 674.92 674.89 674.71 674.67 674.73 674.78 674.87 674.91 674.94 675.14 675.27 675.21 675.26 675.31 675.42 675.55 675.71 675.84 676 676.12 676.29 676.37 676.52 676.6 676.56 676.69 676.68 676.72 676.82 676.93 677.04 677.24 677.41 677.46 677.71 677.82 677.88 678.13 678.27 678.33 678.61 678.9 679.06 679.14 679.3 679.29 679.36 679.4 679.61 679.73 679.8 679.79 679.72 679.66 679.74 679.76 679.87 679.94 679.88 679.86 679.89 679.9 679.93 679.91 680.01 680.02 680.05 680.09 680.18
674.65 674.56 674.47 674.42 674.23 674.2 674.22 674.27 674.18 674.14 674.1 674.25 674.4 674.49 674.46 674.47 674.74 674.84 675.03 675.13 675.34 675.56 675.65 675.75 675.87 676.09 676.28 676.28 676.25 676.2 676.31 676.42 676.58 676.62 676.79 676.94 677 677.05 677.17 677.38 677.6 677.72 677.88 678.11 678.36 678.49 678.52 678.71 678.85 678.87 679 679.1 679.23 679.34 679.37 679.28 679.17 679.24 679.33 679.34 679.42 679.37 679.45 679.57 679.56 679.52 679.54 679.53 679.57 679.63 679.68 679.75
674.05 673.95 673.85 673.8 673.8 673.7 673.67 673.59 673.6 673.57 673.61 673.67 673.71 673.71 673.74 673.96 674.09 674.18 674.46 674.5 674.7 674.81 675.01 675.12 675.37 675.68 675.74 675.68 675.71 675.86 676.15 676.05 676.08 676.14 676.31 676.4 676.46 676.53 676.62 676.9 677.12 677.19 677.45 677.7 677.85 677.92 677.99 678.14 678.27 678.53 678.52 678.56 678.73 678.79 678.77 678.75 678.8 678.74 678.81 678.85 678.88 678.99 679.07 679.06 679.09 679.05 679.12 679.11 679.15 679.21 679.2 679.32
673.57 673.42 673.33 673.26 673.22 673.1 672.99 672.98 673.05 673.09 673.03 672.93 672.97 673.08 673.14 673.35 673.45 673.56 673.79 673.96 673.91 674.25 674.38 674.48 674.79 675.08 675.17 675.24 675.14 675.43 675.57 675.51 675.6 675.85 675.92 675.86 676.03 676.12 676.26 676.43 676.63 676.81 676.91 677 677.29 677.44 677.58 677.72 677.83 677.93 678.04 678.12 678.08 678.18 678.27 678.35 678.47 678.41 678.42 678.47 678.57 678.63 678.64 678.63 678.72 678.69 678.73 678.81 678.79 678.81 678.91 678.83
673.07 673.02 672.92 672.76 672.61 672.59 672.55 672.53 672.48 672.52 672.56 672.46 672.55 672.66 672.74 672.8 672.95 673.12 673.21 673.33 673.52 673.73 673.99 674.13 674.3 674.35 674.44 674.52 674.76 674.73 674.81 675 675.16 675.29 675.37 675.42 675.62 675.82 675.93 676.08 676.17 676.37 676.43 676.55 676.75 677.08 677.25 677.35 677.46 677.54 677.69 677.62 677.67 677.75 677.93 677.91 678.02 678.04 678.13 678.2 678.15 678.16 678.26 678.31 678.34 678.35 678.29 678.37 678.41 678.43 678.48 678.5
672.76 672.64 672.47 672.29 672.23 672.14 672.09 671.94 671.98 671.9 671.95 672.02 672.13 672.23 672.3 672.32 672.41 672.46 672.63 672.73 672.91 673.21 673.47 673.61 673.62 673.72 673.84 673.85 674.07 674.22 674.39 674.69 674.89 674.91 674.92 675.1 675.14 675.42 675.48 675.69 675.88 675.88 675.95 676.12 676.35 676.67 676.79 676.85 676.95 677.15 677.23 677.21 677.24 677.37 677.43 677.52 677.64 677.7 677.77 677.82 677.79 677.83 677.84 677.82 677.9 677.88 677.98 678.05 678.08 677.98 678.13 678.24
672.34 672.13 672.11 671.93 671.78 671.68 671.59 671.59 671.52 671.47 671.52 671.63 671.68 671.72 671.8 671.9 671.9 672.01 672.12 672.27 672.43 672.4 672.68 672.88 672.97 673.05 673.19 673.24 673.51 673.64 673.83 674.04 674.29 674.54 674.59 674.69 674.76 674.91 674.9 675.11 675.26 675.46 675.61 675.83 675.89 676.05 676.22 676.33 676.44 676.53 676.67 676.72 676.9 676.95 677.03 677.13 677.26 677.36 677.3 677.35 677.44 677.49 677.41 677.41 677.47 677.58 677.65 677.49 677.6 677.76 677.77 677.74
671.83 671.75 671.63 671.54 671.41 671.27 671.21 671.1 671.13 671.12 671.15 671.21 671.2 671.11 671.2 671.35 671.52 671.55 671.61 671.84 671.84 671.92 672.06 672.32 672.42 672.53 672.7 672.77 672.99 672.95 672.98 673.02 673.2 673.7 674 673.97 674.07 674.22 674.29 674.39 674.71 675.06 675.24 675.51 675.63 675.76 675.84 675.98 676.02 676.12 676.23 676.4 676.51 676.65 676.79 676.83 676.78 676.9 676.92 676.95 677.08 677.09 676.97 677.02 677.05 677.1 677.07 677.23 677.27 677.39 677.3 677.37
671.43 671.3 671.18 670.99 670.93 670.89 670.79 670.76 670.69 670.64 670.68 670.72 670.7 670.79 670.93 670.97 671.14 671.25 671.25 671.38 671.45 671.55 671.66 671.88 672 672.06 672.16 672.33 672.41 672.37 672.52 672.43 672.6 672.81 673 673.21 673.44 673.54 673.65 673.89 674.14 674.4 674.74 674.96 675.1 675.51 675.65 675.72 675.78 675.88 675.94 675.89 675.98 676.12 676.3 676.4 676.35 676.48 676.62 676.62 676.56 676.71 676.69 676.7 676.69 676.74 676.81 676.8 676.87 676.94 676.94 676.99
670.95 670.87 670.72 670.65 670.53 670.43 670.35 670.33 670.27 670.28 670.21 670.26 670.36 670.42 670.54 670.65 670.64 670.78 670.86 670.94 671.04 671.12 671.21 671.37 671.63 671.72 671.78 671.83 671.82 671.91 672.02 672.07 672.12 672.32 672.37 672.64 672.84 673.03 673.28 673.45 673.59 673.74 674.02 674.52 674.79 675.11 675.28 675.43 675.6 675.75 675.62 675.61 675.6 675.61 675.77 675.87 676 676.09 676.16 676.13 676.18 676.23 676.26 676.34 676.37 676.38 676.47 676.45 676.51 676.54 676.54 676.63
