HMConTests/TestFiles/out/sample-cropped-maps.zh.asc
ncols        601
nrows        741
xllcorner    2693125
yllcorner    2693590
cellsize     0.5
NODATA_value -3.40282E+38
[rows 512 to 543 of 741, columns 0 to 71 of 601]
453.88 453.84 453.82 453.82 453.82 453.81 453.83 453.81 453.79 453.79 453.8 453.81 453.8 453.77 453.78 453.75 453.74 453.73 453.72 453.72 453.73 453.73 453.72 453.72 453.75 453.73 453.73 453.73 453.74 453.75 453.77 453.74 453.75 453.76 453.78 453.77 453.79 453.82 453.82 453.85 453.88 453.96 453.97 454.04 454.05 454.07 454.13 454.25 454.34 454.27 454.23 454.17 454.11 454.19 454.18 454.2 454.21 454.2 454.2 454.21 454.19 454.18 454.21 454.21 454.25 454.24 454.24 454.24 454.24 454.24 454.24 454.24
453.89 453.86 453.85 453.85 453.85 453.86 453.87 453.85 453.81 453.83 453.84 453.84 453.85 453.82 453.79 453.77 453.75 453.75 453.78 453.73 453.76 453.75 453.75 453.76 453.76 453.75 453.73 453.73 453.75 453.76 453.77 453.76 453.77 453.75 453.79 453.77 453.78 453.81 453.87 453.89 453.93 453.97 454 454.05 454.08 454.14 454.19 454.32 454.28 454.3 454.26 454.21 454.22 454.2 454.2 454.19 454.21 454.23 454.21 454.21 454.22 454.19 454.23 454.24 454.24 454.24 454.24 454.24 454.24 454.24 454.24 454.24
453.91 453.89 453.88 453.88 453.88 453.91 453.9 453.87 453.85 453.87 453.87 453.87 453.86 453.84 453.82 453.81 453.79 453.76 453.79 453.77 453.75 453.77 453.76 453.76 453.77 453.76 453.75 453.74 453.76 453.74 453.77 453.77 453.78 453.78 453.78 453.78 453.8 453.78 453.87 453.95 453.95 454 454.05 454.05 454.11 454.16 454.31 454.3 454.22 454.31 454.27 454.2 454.22 454.21 454.21 454.2 454.22 454.23 454.22 454.22 454.2 454.21 454.24 454.24 454.24 454.24 454.24 454.24 454.25 454.25 454.25 454.25
453.94 453.92 453.91 453.91 453.93 453.96 453.93 453.89 453.89 453.9 453.9 453.89 453.88 453.86 453.85 453.84 453.83 453.86 453.86 453.8 453.78 453.79 453.78 453.77 453.75 453.77 453.77 453.75 453.77 453.78 453.78 453.79 453.78 453.78 453.79 453.8 453.82 453.87 453.93 453.87 453.99 454.03 454.06 454.08 454.13 454.19 454.37 454.21 454.16 454.19 454.28 454.19 454.22 454.21 454.22 454.2 454.22 454.23 454.24 454.24 454.21 454.24 454.25 454.25 454.25 454.25 454.25 454.25 454.25 454.25 454.26 454.26
453.97 453.95 453.94 453.96 453.98 453.99 453.95 453.91 453.93 453.93 453.92 453.91 453.89 453.88 453.87 453.86 453.85 453.85 453.84 453.82 453.82 453.8 453.79 453.78 453.78 453.78 453.77 453.78 453.8 453.78 453.81 453.81 453.79 453.79 453.8 453.83 453.84 453.91 453.95 453.99 454.03 454.05 454.07 454.11 454.16 454.2 454.26 454.25 454.2 454.19 454.21 454.2 454.22 454.22 454.23 454.22 454.23 454.21 454.25 454.24 454.24 454.25 454.25 454.25 454.25 454.25 454.25 454.26 454.26 454.26 454.26 454.27
453.99 453.98 453.99 454 454.04 454.02 453.97 453.96 453.96 453.95 453.94 453.93 453.91 453.9 453.89 453.88 453.88 453.87 453.85 453.84 453.87 453.82 453.81 453.79 453.79 453.81 453.79 453.81 453.8 453.79 453.82 453.82 453.81 453.82 453.83 453.87 453.91 453.98 453.98 454 454.03 454.08 454.13 454.15 454.2 454.29 454.16 454.25 454.24 454.21 454.22 454.2 454.22 454.23 454.22 454.23 454.24 454.23 454.24 454.24 454.26 454.26 454.25 454.26 454.26 454.26 454.26 454.26 454.27 454.27 454.27 454.27
454.01 454.01 454.03 454.05 454.08 454.04 453.99 453.99 453.98 453.97 453.96 453.94 453.93 453.92 453.91 453.91 453.9 453.89 453.86 453.84 453.84 453.83 453.8 453.82 453.81 453.82 453.82 453.82 453.81 453.83 453.83 453.82 453.84 453.83 453.86 453.93 453.98 454.02 454.05 454.07 454.03 454.12 454.18 454.19 454.32 454.31 454.04 454.07 454.24 454.22 454.24 454.24 454.23 454.22 454.22 454.23 454.24 454.23 454.25 454.25 454.25 454.25 454.26 454.26 454.26 454.27 454.27 454.27 454.27 454.28 454.28 454.28
454.06 454.04 454.08 454.11 454.1 454.06 454.02 454.02 453.99 453.99 453.98 453.97 453.95 453.94 453.94 453.93 453.92 453.9 453.87 453.84 453.83 453.83 453.84 453.84 453.84 453.85 453.85 453.85 453.86 453.85 453.84 453.85 453.85 453.87 453.9 453.95 453.99 454.02 454.08 454.13 454.13 454.16 454.24 454.24 454.35 454.22 454.13 454.16 454.22 454.24 454.2 454.2 454.2 454.23 454.26 454.23 454.24 454.25 454.25 454.25 454.28 454.28 454.27 454.27 454.27 454.27 454.28 454.28 454.28 454.28 454.29 454.29
454.08 454.08 454.08 454.08 454.13 454.08 454.05 454.02 454.01 454.01 454 453.99 453.97 453.97 453.97 453.96 453.93 453.9 453.87 453.84 453.83 453.84 453.85 453.86 453.85 453.88 453.86 453.87 453.87 453.86 453.87 453.87 453.89 453.91 453.93 453.98 454 454.07 454.1 454.15 454.18 454.23 454.26 454.3 454.31 454.3 454.27 454.19 454.24 454.22 454.24 454.2 454.16 454.25 454.26 454.23 454.25 454.25 454.26 454.28 454.3 454.29 454.29 454.28 454.28 454.28 454.28 454.29 454.29 454.29 454.29 454.29
454.09 454.12 454.07 454.07 454.08 454.08 454.06 454.04 454.04 454.03 454.02 454.01 454 454 453.99 453.97 453.94 453.91 453.88 453.85 453.83 453.88 453.88 453.89 453.88 453.9 453.89 453.9 453.87 453.89 453.89 453.88 453.92 453.96 454 454.03 454.01 454.07 454.11 454.17 454.22 454.28 454.33 454.29 454.31 454.31 454.32 454.28 454.23 454.23 454.23 454.24 454.22 454.25 454.24 454.25 454.25 454.26 454.27 454.28 454.27 454.28 454.3 454.29 454.29 454.29 454.29 454.29 454.3 454.3 454.3 454.3
454.1 454.12 454.09 454.09 454.07 454.08 454.07 454.06 454.06 454.05 454.04 454.03 454.03 454.02 454 453.97 453.94 453.92 453.89 453.86 453.88 453.9 453.91 453.9 453.91 453.92 453.92 453.91 453.91 453.91 453.92 453.91 453.95 453.99 454.05 454.07 454.05 454.12 454.09 454.17 454.24 454.28 454.31 454.31 454.34 454.29 454.32 454.3 454.23 454.24 454.24 454.25 454.23 454.25 454.26 454.26 454.25 454.28 454.27 454.28 454.27 454.28 454.3 454.3 454.29 454.3 454.3 454.3 454.3 454.3 454.31 454.31
454.16 454.09 454.1 454.11 454.07 454.08 454.07 454.06 454.06 454.1 454.06 454.06 454.05 454.04 454.01 453.98 453.93 453.92 453.91 453.94 453.96 453.95 453.94 453.94 453.92 453.94 453.92 453.94 453.93 453.92 453.95 453.96 454.02 454.04 454.07 454.09 454.12 454.15 454.19 454.21 454.26 454.34 454.32 454.32 454.3 454.23 454.25 454.25 454.24 454.23 454.23 454.22 454.24 454.25 454.25 454.26 454.26 454.27 454.28 454.25 454.26 454.27 454.29 454.31 454.3 454.3 454.31 454.31 454.31 454.31 454.31 454.32
454.16 454.1 454.12 454.13 454.09 454.1 454.09 454.07 454.08 454.06 454.07 454.07 454.07 454.03 453.99 453.98 453.97 453.97 453.97 453.97 453.94 453.97 453.96 453.97 453.95 453.97 453.95 453.96 453.95 453.95 453.99 454.01 454.03 454.11 454.06 454.11 454.19 454.16 454.22 454.29 454.3 454.34 454.34 454.32 454.29 454.25 454.22 454.26 454.28 454.26 454.24 454.24 454.22 454.23 454.25 454.28 454.25 454.27 454.27 454.24 454.25 454.27 454.28 454.31 454.32 454.31 454.31 454.31 454.32 454.32 454.32 454.32
454.15 454.13 454.15 454.14 454.12 454.12 454.1 454.09 454.13 454.11 454.09 454.05 454.04 454.05 454.03 454.01 454.01 454.02 454 453.98 453.98 454 453.98 453.98 453.98 453.96 453.98 453.98 453.98 454.02 454.06 454.04 454.05 454.07 454.07 454.09 454.12 454.2 454.23 454.26 454.39 454.31 454.33 454.29 454.24 454.17 454.17 454.23 454.27 454.28 454.26 454.23 454.24 454.24 454.24 454.26 454.26 454.28 454.26 454.26 454.25 454.26 454.27 454.3 454.33 454.32 454.32 454.32 454.32 454.33 454.33 454.33
454.16 454.15 454.17 454.17 454.16 454.15 454.14 454.15 454.11 454.12 454.11 454.08 454.04 454.05 454.07 454.07 454.06 454.02 454.01 453.99 454.03 454.02 454.01 454.01 453.99 454.01 454 454 454 454.03 454.06 454.08 454.05 454.08 454.16 454.09 454.11 454.16 454.23 454.27 454.32 454.35 454.32 454.23 454.2 454.2 454.2 454.22 454.24 454.24 454.24 454.24 454.22 454.23 454.26 454.27 454.29 454.26 454.27 454.27 454.26 454.26 454.27 454.28 454.32 454.33 454.33 454.33 454.33 454.33 454.34 454.34
454.23 454.19 454.18 454.2 454.18 454.16 454.19 454.15 454.17 454.13 454.17 454.16 454.09 454.09 454.09 454.05 454.13 454.06 454.03 454.02 454.03 454.03 454.03 454.02 454.03 454.03 454 454.03 454.01 454.06 454.07 454.08 454.1 454.11 454.13 454.15 454.1 454.17 454.22 454.31 454.32 454.3 454.28 454.21 454.23 454.25 454.26 454.24 454.23 454.22 454.26 454.23 454.24 454.24 454.24 454.27 454.26 454.26 454.27 454.29 454.28 454.26 454.26 454.27 454.3 454.34 454.33 454.34 454.34 454.34 454.34 454.34
454.22 454.24 454.19 454.19 454.17 454.18 454.22 454.19 454.14 454.14 454.14 454.21 454.16 454.11 454.07 454.08 454.09 454.07 454.05 454.06 454.06 454.06 454.06 454.06 454.04 454.05 454.04 454.05 454.03 454.06 454.08 454.08 454.13 454.13 454.16 454.14 454.17 454.16 454.23 454.22 454.33 454.31 454.34 454.25 454.23 454.26 454.24 454.25 454.26 454.24 454.22 454.22 454.23 454.25 454.24 454.26 454.25 454.26 454.27 454.29 454.3 454.28 454.26 454.27 454.29 454.33 454.35 454.34 454.35 454.35 454.35 454.35
454.2 454.19 454.22 454.19 454.18 454.2 454.23 454.19 454.18 454.18 454.2 454.21 454.15 454.12 454.13 454.16 454.11 454.1 454.07 454.06 454.07 454.08 454.07 454.07 454.06 454.08 454.07 454.04 454.08 454.07 454.11 454.11 454.13 454.18 454.16 454.17 454.14 454.18 454.21 454.28 454.34 454.34 454.27 454.27 454.25 454.23 454.26 454.27 454.28 454.22 454.22 454.2 454.23 454.24 454.24 454.26 454.29 454.31 454.28 454.27 454.29 454.3 454.28 454.26 454.28 454.31 454.35 454.35 454.35 454.35 454.36 454.36
454.22 454.21 454.25 454.22 454.2 454.22 454.19 454.22 454.22 454.21 454.18 454.19 454.18 454.13 454.15 454.19 454.15 454.12 454.07 454.1 454.09 454.1 454.1 454.11 454.11 454.08 454.06 454.08 454.06 454.09 454.1 454.18 454.16 454.18 454.18 454.17 454.14 454.19 454.23 454.34 454.28 454.28 454.3 454.29 454.26 454.26 454.23 454.25 454.22 454.23 454.22 454.21 454.24 454.23 454.23 454.25 454.38 454.39 454.34 454.29 454.28 454.29 454.29 454.28 454.27 454.3 454.33 454.36 454.36 454.36 454.36 454.35
454.25 454.23 454.26 454.25 454.23 454.24 454.23 454.25 454.23 454.23 454.24 454.26 454.18 454.14 454.16 454.16 454.15 454.12 454.12 454.13 454.13 454.1 454.12 454.12 454.16 454.12 454.08 454.11 454.11 454.12 454.11 454.16 454.2 454.19 454.2 454.17 454.13 454.24 454.32 454.36 454.26 454.27 454.3 454.3 454.28 454.28 454.25 454.24 454.23 454.25 454.23 454.24 454.22 454.21 454.24 454.29 454.34 454.36 454.32 454.25 454.3 454.29 454.28 454.28 454.27 454.29 454.32 454.35 454.37 454.37 454.36 454.34
454.28 454.25 454.25 454.28 454.29 454.26 454.25 454.27 454.25 454.28 454.21 454.22 454.19 454.18 454.19 454.16 454.14 454.16 454.13 454.14 454.15 454.13 454.14 454.14 454.12 454.11 454.15 454.15 454.16 454.15 454.14 454.17 454.2 454.2 454.19 454.16 454.17 454.32 454.36 454.37 454.28 454.27 454.31 454.29 454.37 454.32 454.28 454.26 454.24 454.24 454.24 454.25 454.24 454.25 454.27 454.29 454.27 454.29 454.29 454.29 454.3 454.3 454.3 454.29 454.27 454.27 454.27 454.34 454.37 454.37 454.35 454.33
454.3 454.31 454.28 454.28 454.28 454.29 454.27 454.28 454.27 454.28 454.22 454.22 454.22 454.21 454.19 454.16 454.15 454.17 454.15 454.17 454.18 454.16 454.18 454.18 454.17 454.14 454.16 454.18 454.19 454.24 454.18 454.21 454.22 454.22 454.19 454.18 454.22 454.32 454.37 454.34 454.31 454.34 454.3 454.28 454.3 454.3 454.27 454.26 454.24 454.26 454.25 454.26 454.25 454.25 454.27 454.28 454.27 454.25 454.26 454.3 454.31 454.29 454.28 454.3 454.28 454.28 454.28 454.29 454.33 454.36 454.34 454.32
454.28 454.29 454.29 454.29 454.28 454.29 454.31 454.29 454.3 454.3 454.27 454.27 454.25 454.22 454.2 454.19 454.19 454.18 454.2 454.2 454.21 454.2 454.18 454.19 454.17 454.15 454.2 454.23 454.21 454.23 454.25 454.27 454.22 454.24 454.23 454.28 454.36 454.36 454.31 454.26 454.35 454.35 454.32 454.3 454.29 454.28 454.26 454.27 454.26 454.27 454.25 454.24 454.25 454.27 454.26 454.27 454.27 454.26 454.26 454.29 454.32 454.32 454.29 454.29 454.29 454.3 454.3 454.29 454.29 454.29 454.33 454.31
454.26 454.28 454.29 454.28 454.3 454.29 454.29 454.29 454.28 454.28 454.27 454.25 454.27 454.25 454.23 454.22 454.22 454.22 454.22 454.23 454.24 454.23 454.21 454.21 454.19 454.2 454.26 454.22 454.22 454.24 454.25 454.25 454.25 454.25 454.24 454.28 454.41 454.41 454.34 454.27 454.34 454.31 454.34 454.33 454.32 454.29 454.27 454.28 454.28 454.29 454.25 454.26 454.27 454.29 454.29 454.25 454.25 454.26 454.26 454.27 454.3 454.33 454.27 454.27 454.28 454.28 454.3 454.29 454.28 454.29 454.31 454.32
454.24 454.28 454.27 454.29 454.28 454.29 454.29 454.3 454.27 454.27 454.25 454.28 454.26 454.27 454.27 454.25 454.24 454.24 454.26 454.26 454.26 454.24 454.24 454.25 454.23 454.2 454.26 454.26 454.25 454.25 454.22 454.24 454.26 454.26 454.31 454.36 454.36 454.42 454.34 454.34 454.34 454.34 454.32 454.34 454.31 454.3 454.28 454.27 454.27 454.29 454.28 454.28 454.29 454.38 454.33 454.28 454.25 454.27 454.27 454.25 454.27 454.27 454.27 454.27 454.27 454.27 454.27 454.28 454.28 454.22 454.23 454.25
454.25 454.26 454.26 454.27 454.28 454.29 454.29 454.3 454.29 454.32 454.29 454.31 454.28 454.29 454.31 454.28 454.28 454.29 454.29 454.3 454.28 454.29 454.26 454.26 454.25 454.26 454.25 454.28 454.28 454.26 454.25 454.28 454.28 454.29 454.35 454.37 454.39 454.36 454.34 454.35 454.35 454.36 454.33 454.32 454.31 454.3 454.29 454.28 454.29 454.3 454.3 454.3 454.32 454.34 454.34 454.32 454.27 454.27 454.31 454.26 454.28 454.25 454.27 454.27 454.28 454.29 454.27 454.29 454.34 454.27 454.19 454.24
454.22 454.25 454.24 454.25 454.27 454.27 454.27 454.29 454.28 454.3 454.31 454.32 454.32 454.32 454.33 454.32 454.3 454.32 454.31 454.32 454.31 454.28 454.28 454.29 454.26 454.27 454.27 454.29 454.29 454.3 454.3 454.29 454.3 454.31 454.35 454.41 454.36 454.34 454.37 454.36 454.38 454.37 454.34 454.34 454.33 454.31 454.29 454.32 454.3 454.32 454.31 454.31 454.32 454.32 454.32 454.3 454.28 454.27 454.25 454.25 454.25 454.26 454.26 454.27 454.28 454.27 454.27 454.28 454.35 454.33 454.28 454.29
454.21 454.24 454.24 454.24 454.25 454.26 454.25 454.28 454.3 454.3 454.31 454.3 454.32 454.33 454.34 454.34 454.35 454.33 454.31 454.33 454.32 454.31 454.3 454.3 454.29 454.29 454.28 454.31 454.33 454.31 454.33 454.35 454.33 454.33 454.38 454.43 454.37 454.36 454.38 454.35 454.39 454.39 454.38 454.33 454.34 454.32 454.32 454.34 454.33 454.34 454.32 454.33 454.34 454.32 454.32 454.28 454.29 454.23 454.28 454.29 454.27 454.28 454.27 454.27 454.28 454.28 454.27 454.29 454.3 454.29 454.27 454.3
454.2 454.23 454.22 454.22 454.24 454.25 454.26 454.28 454.27 454.28 454.29 454.3 454.32 454.33 454.34 454.34 454.34 454.34 454.36 454.35 454.34 454.32 454.34 454.33 454.31 454.3 454.31 454.34 454.38 454.37 454.35 454.35 454.44 454.36 454.38 454.34 454.35 454.37 454.38 454.38 454.38 454.38 454.36 454.34 454.34 454.36 454.35 454.34 454.33 454.36 454.33 454.37 454.36 454.34 454.33 454.29 454.29 454.3 454.3 454.31 454.31 454.3 454.29 454.28 454.3 454.27 454.27 454.27 454.28 454.26 454.27 454.32
454.19 454.21 454.2 454.22 454.23 454.24 454.24 454.25 454.25 454.27 454.29 454.28 454.31 454.32 454.32 454.32 454.32 454.34 454.35 454.34 454.36 454.34 454.34 454.36 454.35 454.32 454.32 454.35 454.41 454.36 454.36 454.44 454.4 454.37 454.4 454.44 454.41 454.43 454.41 454.38 454.37 454.38 454.37 454.35 454.35 454.37 454.35 454.36 454.35 454.36 454.38 454.38 454.38 454.38 454.36 454.36 454.33 454.3 454.31 454.33 454.33 454.31 454.32 454.31 454.32 454.29 454.27 454.29 454.28 454.27 454.28 454.29
454.18 454.19 454.19 454.21 454.21 454.22 454.23 454.23 454.27 454.25 454.28 454.27 454.29 454.31 454.31 454.3 454.33 454.31 454.33 454.34 454.36 454.36 454.37 454.38 454.38 454.35 454.34 454.33 454.36 454.34 454.4 454.45 454.35 454.35 454.37 454.43 454.47 454.44 454.39 454.37 454.36 454.39 454.39 454.37 454.38 454.38 454.36 454.37 454.35 454.37 454.38 454.43 454.43 454.41 454.36 454.37 454.35 454.31 454.32 454.31 454.3 454.34 454.36 454.33 454.29 454.29 454.3 454.3 454.28 454.29 454.29 454.3
454.16 454.18 454.17 454.19 454.19 454.21 454.22 454.22 454.24 454.24 454.25 454.27 454.28 454.3 454.3 454.31 454.3 454.33 454.33 454.33 454.34 454.35 454.36 454.38 454.39 454.36 454.39 454.38 454.35 454.36 454.42 454.46 454.4 454.37 454.39 454.41 454.47 454.41 454.38 454.32 454.3 454.42 454.4 454.39 454.39 454.37 454.37 454.4 454.37 454.37 454.36 454.4 454.42 454.37 454.36 454.37 454.34 454.37 454.34 454.33 454.32 454.32 454.33 454.33 454.3 454.29 454.31 454.3 454.31 454.28 454.29 454.31
