HMConTests/TestFiles/out/sample-cropped-maps.zh.asc
ncols        601
nrows        741
xllcorner    2708125
yllcorner    1247590
cellsize     0.5
NODATA_value -3.40282E+38
[rows 640 to 671 of 741, columns 426 to 496 of 601]
634.96 635.03 634.96 634.92 634.89 634.91 634.95 634.95 634.86 634.80 634.78 634.72 634.65 634.60 634.58 634.56 634.53 634.51 634.55 634.58 634.62 634.66 634.70 634.69 634.61 634.60 634.63 634.59 634.50 634.46 634.43 634.50 634.52 634.55 634.57 634.50 634.56 634.57 634.56 634.52 634.43 634.47 634.44 634.40 634.36 634.24 634.19 634.23 634.20 634.17 634.12 634.10 634.04 634.01 633.99 633.93 633.91 633.85 633.86 633.83 633.77 633.75 633.70 633.66 633.60 633.56 633.50 633.47 633.47 633.46 633.41
634.91 635.01 635.00 634.92 634.91 634.90 634.96 635.00 634.96 634.90 634.84 634.81 634.74 634.69 634.68 634.66 634.62 634.61 634.65 634.68 634.72 634.76 634.73 634.73 634.63 634.68 634.62 634.60 634.57 634.49 634.49 634.51 634.52 634.56 634.58 634.62 634.62 634.60 634.57 634.54 634.50 634.49 634.45 634.39 634.34 634.26 634.30 634.25 634.22 634.17 634.15 634.06 634.06 634.03 633.96 633.90 633.88 633.88 633.85 633.85 633.80 633.77 633.71 633.65 633.57 633.54 633.54 633.53 633.48 633.43 633.44
634.97 635.02 634.91 634.89 634.98 634.96 634.96 634.96 635.04 635.00 634.94 634.88 634.83 634.79 634.77 634.75 634.71 634.71 634.75 634.78 634.83 634.78 634.77 634.77 634.66 634.65 634.67 634.64 634.62 634.56 634.52 634.53 634.55 634.62 634.65 634.65 634.65 634.66 634.62 634.59 634.54 634.49 634.41 634.38 634.36 634.37 634.30 634.27 634.24 634.18 634.14 634.12 634.06 633.97 633.95 633.97 633.93 633.91 633.89 633.83 633.83 633.80 633.74 633.65 633.64 633.67 633.59 633.53 633.49 633.50 633.47
634.99 634.99 634.92 634.95 634.97 635.00 634.97 635.00 634.97 635.06 635.04 634.98 634.92 634.88 634.87 634.84 634.80 634.81 634.85 634.88 634.83 634.82 634.82 634.77 634.66 634.69 634.75 634.78 634.76 634.59 634.53 634.54 634.67 634.68 634.69 634.68 634.69 634.68 634.67 634.59 634.55 634.51 634.45 634.47 634.46 634.40 634.36 634.34 634.23 634.24 634.20 634.17 634.12 634.08 634.07 634.04 634.01 633.98 633.93 633.93 633.89 633.84 633.76 633.76 633.72 633.67 633.62 633.59 633.57 633.54 633.51
635.03 635.08 634.98 635.00 635.02 635.01 634.91 634.99 634.98 634.98 635.02 634.99 634.94 634.94 634.96 634.93 634.89 634.92 634.94 634.88 634.87 634.88 634.83 634.76 634.77 634.83 634.85 634.87 634.73 634.65 634.59 634.64 634.71 634.72 634.71 634.71 634.71 634.73 634.66 634.63 634.56 634.52 634.56 634.54 634.49 634.45 634.43 634.36 634.35 634.31 634.28 634.27 634.27 634.27 634.24 634.19 634.16 634.16 634.12 634.13 634.16 634.09 634.02 633.93 633.93 633.86 633.77 633.72 633.65 633.58 633.54
635.02 635.10 635.02 634.97 635.03 634.98 634.98 634.98 635.01 635.04 635.09 634.98 634.96 634.93 635.00 634.94 634.98 634.95 634.87 634.86 634.86 634.85 634.81 634.74 634.75 634.86 634.92 634.80 634.69 634.64 634.65 634.69 634.71 634.71 634.77 634.75 634.75 634.75 634.67 634.60 634.60 634.64 634.60 634.57 634.53 634.51 634.48 634.48 634.43 634.40 634.42 634.43 634.44 634.44 634.42 634.42 634.32 634.45 634.37 634.26 634.31 634.29 634.26 634.21 634.16 634.05 633.93 633.81 633.68 633.59 633.53
635.01 635.08 635.04 634.98 634.99 634.97 635.04 634.99 635.03 634.97 634.97 635.00 634.98 635.01 635.06 635.05 634.95 634.84 634.89 634.87 634.86 634.84 634.85 634.85 634.80 634.81 634.86 634.74 634.74 634.72 634.73 634.73 634.76 634.80 634.79 634.81 634.77 634.73 634.69 634.68 634.68 634.67 634.65 634.61 634.57 634.58 634.57 634.53 634.56 634.53 634.56 634.58 634.58 634.58 634.58 634.57 634.58 634.60 634.58 634.55 634.52 634.53 634.37 634.37 634.32 634.17 634.00 633.88 633.76 633.68 633.64
634.95 634.98 634.95 635.03 635.02 635.00 635.05 634.98 635.01 635.04 634.99 634.98 635.03 635.05 635.11 635.05 634.84 634.90 634.87 634.88 634.87 634.87 634.87 634.86 634.88 634.84 634.80 634.80 634.79 634.77 634.77 634.82 634.83 634.84 634.82 634.76 634.80 634.77 634.79 634.76 634.73 634.69 634.68 634.65 634.65 634.65 634.62 634.66 634.64 634.66 634.69 634.68 634.70 634.67 634.73 634.71 634.69 634.67 634.82 634.83 634.83 634.77 634.59 634.44 634.37 634.31 634.18 633.98 633.88 633.95 633.81
634.89 634.93 634.96 635.01 634.91 634.98 634.98 635.01 635.00 635.02 634.99 634.92 634.98 635.05 634.97 634.90 634.89 634.85 634.86 634.89 634.87 634.87 634.94 634.94 634.91 634.90 634.86 634.84 634.82 634.81 634.88 634.87 634.86 634.86 634.81 634.81 634.82 634.86 634.83 634.81 634.76 634.73 634.72 634.71 634.71 634.69 634.77 634.73 634.76 634.77 634.78 634.79 634.78 634.80 634.79 634.78 634.82 634.86 634.95 634.91 634.97 634.84 634.69 634.56 634.42 634.40 634.35 634.29 634.25 634.15 633.98
634.91 634.93 634.95 634.91 634.95 634.92 634.97 634.99 635.00 634.99 634.95 634.95 634.90 634.88 634.91 634.89 634.85 634.88 634.90 634.90 634.87 634.85 634.89 634.95 634.88 634.89 634.90 634.91 634.88 634.90 634.90 634.93 634.89 634.87 634.85 634.88 634.92 634.89 634.87 634.85 634.79 634.78 634.79 634.76 634.74 634.80 634.80 634.81 634.85 634.84 634.83 634.85 634.85 634.85 634.85 634.94 635.00 635.05 635.11 635.06 634.95 634.91 634.80 634.65 634.51 634.50 634.44 634.37 634.43 634.32 634.14
634.91 634.88 634.93 634.95 634.94 634.93 634.92 634.94 634.92 634.89 634.90 634.83 634.86 634.89 634.85 634.85 634.88 634.88 634.89 634.91 634.83 634.87 634.87 634.86 634.87 634.88 634.88 634.89 634.98 634.95 634.96 634.92 634.90 634.89 634.96 634.95 634.96 634.93 634.90 634.87 634.85 634.85 634.77 634.80 634.81 634.83 634.88 634.90 634.89 634.89 634.91 634.88 634.90 634.89 634.87 635.05 635.10 635.13 635.16 635.14 635.00 635.01 634.96 634.83 634.71 634.69 634.57 634.43 634.44 634.32 634.24
634.86 634.93 634.93 634.92 634.94 634.94 634.92 634.91 634.92 634.89 634.83 634.92 634.91 634.85 634.87 634.89 634.89 634.89 634.91 634.88 634.85 634.91 634.92 634.90 634.87 634.86 634.87 634.88 634.97 634.94 634.93 634.94 634.95 634.98 634.99 634.99 634.98 634.93 634.94 634.91 634.90 634.80 634.84 634.85 634.89 634.93 634.92 634.93 634.94 634.95 634.93 634.93 634.93 634.91 634.91 635.04 635.14 635.17 635.21 635.22 635.12 635.11 635.01 634.98 634.95 634.77 634.74 634.56 634.45 634.42 634.26
634.91 634.93 634.95 634.92 634.92 634.92 634.93 634.93 634.87 634.88 634.89 634.90 634.91 634.90 634.89 634.90 634.92 634.91 634.93 634.89 634.90 634.96 634.96 634.94 634.91 634.88 634.85 634.86 634.95 634.96 634.98 635.00 634.99 635.00 635.02 635.01 634.98 634.99 634.96 634.94 634.87 634.90 634.88 634.90 634.93 634.94 634.95 634.96 635.00 634.93 634.92 634.95 634.94 634.92 634.95 634.98 635.17 635.22 635.26 635.29 635.24 635.17 635.12 635.07 634.96 634.89 634.86 634.73 634.58 634.44 634.29
634.90 634.91 634.94 634.92 634.91 634.91 634.93 634.89 634.92 634.92 634.91 634.91 634.94 634.93 634.92 634.93 634.89 634.90 634.91 634.95 634.99 634.97 634.95 634.99 634.96 634.93 634.90 634.87 634.94 635.02 635.01 635.03 635.02 635.03 635.00 634.99 635.00 635.00 634.95 634.93 634.96 634.93 634.94 634.97 634.97 634.96 634.97 635.00 634.94 634.90 634.94 634.95 634.95 634.95 634.94 634.97 635.10 635.19 635.29 635.35 635.31 635.24 635.27 635.18 635.11 635.02 634.94 634.82 634.68 634.49 634.31
634.90 634.89 634.90 634.94 634.92 634.88 634.85 634.92 634.96 634.92 634.92 634.94 634.94 634.93 634.94 634.92 634.86 634.89 634.96 634.95 634.95 634.98 634.99 635.00 635.02 634.99 634.97 634.97 635.02 635.02 635.01 635.01 635.02 634.97 634.99 635.01 635.03 634.95 634.99 635.01 634.97 634.95 634.99 634.98 634.98 635.00 634.93 634.94 634.97 634.95 634.96 634.97 634.96 634.96 634.98 634.95 635.04 635.18 635.27 635.34 635.29 635.26 635.35 635.29 635.26 635.28 635.19 635.03 634.86 634.65 634.48
634.93 634.93 634.94 634.85 634.81 634.87 634.91 634.91 634.98 634.95 634.94 634.96 634.91 634.93 634.92 634.85 634.91 634.93 634.96 634.96 634.97 634.97 634.98 635.01 635.02 635.04 635.03 635.05 635.06 635.04 635.03 635.03 634.98 635.02 635.01 634.98 634.99 635.02 635.01 635.02 635.01 635.00 634.99 634.98 634.97 634.98 634.94 635.00 634.99 634.97 634.98 634.96 634.99 634.97 634.94 634.94 634.95 635.09 635.18 635.23 635.27 635.24 635.36 635.41 635.40 635.36 635.32 635.10 634.98 634.84 634.67
634.98 634.96 634.88 634.84 634.86 634.94 635.02 634.98 635.05 635.04 635.05 635.01 635.00 634.84 634.85 634.83 634.86 634.87 634.88 634.91 634.93 634.95 634.97 635.01 635.03 635.05 635.06 635.07 635.07 635.03 635.02 635.02 635.02 635.01 634.98 635.00 635.03 635.01 635.02 635.03 635.04 635.04 635.01 635.02 634.97 634.97 635.00 634.99 634.98 634.99 634.98 635.00 634.97 634.95 634.91 634.91 634.95 634.98 635.07 635.12 635.17 635.25 635.40 635.47 635.45 635.42 635.34 635.24 635.17 634.96 634.77
634.99 634.90 634.91 634.89 634.95 635.01 634.98 635.04 635.03 634.98 634.94 634.99 635.02 634.93 634.93 634.93 634.92 634.92 634.92 634.94 634.96 634.98 635.00 635.02 635.03 635.05 635.06 635.07 635.08 635.07 635.06 635.05 635.06 635.01 635.02 635.01 635.03 635.01 635.08 635.07 635.07 635.03 635.02 634.95 635.02 635.00 634.98 634.97 634.99 634.97 635.00 634.97 634.95 634.92 634.93 634.92 634.95 634.97 635.03 635.07 635.15 635.29 635.44 635.49 635.55 635.51 635.46 635.41 635.27 635.11 634.95
634.93 634.94 634.92 634.96 634.98 634.99 635.04 635.01 634.97 634.93 635.04 635.08 635.03 634.94 634.94 634.93 634.93 634.93 634.92 634.94 634.96 634.98 635.00 635.02 635.04 635.06 635.06 635.07 635.08 635.08 635.07 635.06 635.06 635.06 635.03 634.99 634.97 634.97 635.09 635.08 635.03 635.05 634.98 635.01 635.00 634.99 634.96 634.97 635.02 634.98 634.97 634.97 634.93 634.89 634.93 634.96 634.92 634.95 634.96 635.05 635.17 635.29 635.39 635.43 635.45 635.47 635.51 635.51 635.38 635.25 635.09
634.97 634.94 634.98 634.98 634.99 635.04 635.00 634.96 634.95 635.07 635.07 635.07 635.02 634.95 634.94 634.94 634.94 634.94 634.92 634.94 634.96 634.98 635.00 635.02 635.04 635.06 635.06 635.07 635.08 635.07 635.04 635.05 635.04 635.04 635.03 634.97 634.95 634.93 634.98 635.03 635.02 635.01 635.03 635.00 635.02 634.98 634.99 635.00 635.01 634.96 634.95 634.94 634.93 634.96 634.97 634.96 634.94 634.94 634.97 635.00 635.14 635.22 635.32 635.41 635.56 635.66 635.60 635.57 635.51 635.41 635.22
634.97 634.97 634.98 634.99 635.03 634.99 634.96 635.00 635.07 635.06 635.06 635.06 635.01 634.95 634.95 634.95 634.95 634.94 634.93 634.94 634.96 634.98 635.00 635.02 635.04 635.06 635.06 635.07 635.08 635.05 635.03 635.03 635.03 635.03 635.02 635.01 634.93 634.86 634.90 634.96 634.99 635.02 635.02 635.02 635.02 635.00 635.02 635.00 634.95 634.97 634.94 634.96 634.99 634.98 634.96 634.95 634.94 634.95 634.97 635.06 635.10 635.19 635.33 635.41 635.49 635.54 635.56 635.58 635.59 635.45 635.39
634.97 634.99 635.00 635.02 634.98 634.97 635.05 635.06 635.06 635.05 635.05 635.05 635.00 634.96 634.96 634.96 634.96 634.96 634.94 634.95 634.97 634.98 635.00 635.02 635.04 635.06 635.06 635.07 635.06 635.04 635.02 635.00 635.01 635.01 635.01 635.00 634.93 634.83 634.90 634.97 635.02 635.03 634.98 635.03 635.02 635.00 634.99 634.95 634.94 634.91 634.98 635.00 634.99 634.97 634.95 634.95 634.95 634.96 634.99 634.97 635.08 635.20 635.28 635.42 635.50 635.54 635.59 635.59 635.63 635.63 635.51
634.99 635.00 635.01 634.99 634.98 635.05 635.05 635.05 635.05 635.04 635.04 635.04 635.00 634.97 634.97 634.97 634.96 634.97 634.95 634.95 634.97 634.99 635.01 635.02 635.04 635.06 635.06 635.07 635.05 635.03 635.01 634.99 634.97 634.99 634.99 634.99 634.95 634.83 634.91 634.96 635.00 635.03 635.04 635.03 635.02 635.01 634.97 634.97 634.95 634.98 635.00 634.98 634.97 634.96 634.96 634.92 634.95 634.94 634.94 635.02 635.06 635.16 635.32 635.43 635.45 635.51 635.59 635.63 635.60 635.65 635.59
635.00 635.00 635.00 635.01 635.04 635.04 635.04 635.04 635.04 635.04 635.03 635.04 634.99 634.98 634.98 634.98 634.97 634.98 634.96 634.95 634.97 634.99 635.01 635.03 635.05 635.06 635.06 635.06 635.04 635.02 635.00 634.97 634.95 634.96 634.97 634.97 634.96 634.88 634.93 634.98 635.01 635.03 635.06 635.05 634.97 634.97 634.96 634.98 634.98 635.00 634.97 634.93 634.95 634.96 634.95 634.94 634.90 634.88 634.95 634.98 635.05 635.16 635.27 635.33 635.44 635.52 635.62 635.63 635.65 635.64 635.65
635.01 635.01 635.03 635.03 635.03 635.03 635.03 635.03 635.03 635.03 635.02 635.04 634.98 634.99 634.99 634.98 634.98 635.00 634.98 634.95 634.97 634.99 635.01 635.03 635.05 635.05 635.06 635.05 635.03 635.01 634.98 634.96 634.94 634.92 634.94 634.95 634.94 634.88 634.95 635.02 635.03 635.03 635.04 635.00 634.97 634.99 634.97 635.00 634.98 634.97 634.94 634.95 634.95 634.94 634.95 634.89 634.88 634.92 634.92 634.96 635.03 635.07 635.18 635.31 635.43 635.53 635.57 635.62 635.65 635.69 635.68
635.02 635.02 635.02 635.02 635.02 635.02 635.02 635.02 635.02 635.02 635.01 635.03 634.97 634.99 634.99 634.99 634.99 635.01 634.99 634.95 634.97 634.99 635.01 635.03 635.05 635.05 635.06 635.04 635.02 634.99 634.97 634.95 634.93 634.91 634.90 634.92 634.91 634.88 634.96 635.01 635.03 635.01 635.02 635.01 635.00 635.01 634.99 634.97 634.96 634.95 634.95 634.93 634.92 634.87 634.89 634.91 634.91 634.91 634.91 634.91 634.96 635.04 635.16 635.30 635.39 635.48 635.57 635.63 635.68 635.70 635.71
634.98 635.01 635.01 635.01 635.01 635.01 635.01 635.01 635.01 635.01 635.00 635.03 634.96 635.00 635.00 635.00 635.00 635.02 635.00 634.96 634.97 634.99 635.01 635.03 635.05 635.05 635.05 635.03 635.00 634.98 634.96 634.94 634.92 634.90 634.87 634.89 634.89 634.86 634.97 635.02 634.99 635.03 635.01 635.02 635.04 635.03 634.99 634.94 634.93 634.93 634.93 634.91 634.86 634.88 634.92 634.91 634.89 634.88 634.89 634.85 634.92 635.04 635.17 635.21 635.36 635.45 635.53 635.58 635.67 635.70 635.67
634.93 634.99 635.00 635.00 635.00 635.00 635.00 635.00 635.00 635.00 635.00 635.02 634.97 635.01 635.01 635.01 635.00 635.04 635.02 634.98 634.98 635.00 635.02 635.03 635.05 635.05 635.04 635.01 634.99 634.97 634.95 634.93 634.91 634.88 634.86 634.85 634.85 634.90 634.98 635.00 635.00 635.05 635.02 635.04 635.04 635.02 634.97 634.97 634.95 634.93 634.87 634.89 634.90 634.90 634.90 634.89 634.88 634.86 634.81 634.86 634.92 635.00 635.07 635.23 635.35 635.43 635.52 635.61 635.65 635.65 635.67
634.89 634.95 634.99 634.99 634.99 634.99 634.99 634.99 634.99 634.99 634.99 635.02 634.98 635.01 635.02 635.02 635.01 635.05 635.03 634.99 634.98 635.00 635.02 635.04 635.05 635.05 635.02 635.00 634.98 634.96 634.94 634.92 634.89 634.87 634.85 634.83 634.82 634.88 634.97 634.99 634.99 635.01 635.04 635.04 635.03 635.01 634.99 634.98 634.96 634.87 634.86 634.88 634.91 634.89 634.87 634.88 634.84 634.84 634.85 634.86 634.86 634.98 635.08 635.21 635.32 635.45 635.53 635.54 635.63 635.67 635.67
634.92 634.90 634.94 634.98 634.98 634.98 634.98 634.98 634.98 634.98 634.98 635.02 634.98 635.02 635.03 635.03 635.02 635.07 635.04 635.00 634.98 635.00 635.02 635.04 635.05 635.04 635.01 634.99 634.97 634.95 634.93 634.90 634.88 634.86 634.84 634.82 634.81 634.87 634.94 634.98 635.00 635.02 635.02 635.02 635.01 635.02 634.99 634.95 634.90 634.87 634.90 634.90 634.89 634.87 634.86 634.81 634.85 634.85 634.85 634.79 634.84 634.95 635.03 635.18 635.32 635.39 635.47 635.57 635.58 635.67 635.60
634.94 634.93 634.92 634.94 634.97 634.97 634.97 634.97 634.97 634.97 634.97 635.01 634.99 635.02 635.04 635.03 635.02 635.08 635.05 635.01 634.98 635.00 635.02 635.04 635.05 635.02 635.00 634.98 634.96 634.94 634.91 634.89 634.87 634.85 634.83 634.83 634.79 634.83 634.95 634.99 635.03 635.02 635.00 635.00 635.00 635.00 634.95 634.96 634.91 634.91 634.90 634.89 634.87 634.86 634.82 634.84 634.85 634.83 634.80 634.78 634.86 634.93 635.01 635.15 635.25 635.35 635.47 635.50 635.56 635.64 635.60
634.97 634.97 634.92 634.93 634.93 634.96 634.96 634.96 634.96 634.96 634.97 635.01 635.00 635.03 635.04 635.04 635.03 635.09 635.07 635.03 634.99 635.00 635.02 635.04 635.03 635.01 634.99 634.97 634.95 634.92 634.90 634.88 634.86 634.84 634.86 634.86 634.78 634.85 634.96 635.01 635.01 635.00 635.01 635.00 634.98 634.98 634.94 634.95 634.96 634.92 634.89 634.89 634.86 634.85 634.85 634.84 634.86 634.78 634.81 634.83 634.84 634.91 634.95 635.03 635.22 635.32 635.40 635.48 635.49 635.58 635.61
