HMConTests/TestFiles/out/sample-cropped-maps.zh.asc
ncols        601
nrows        741
xllcorner    2693125
yllcorner    2693590
cellsize     0.5
NODATA_value -3.40282E+38
[rows 416 to 447 of 741, columns 0 to 71 of 601]
453.01 453 453.02 453.01 453.01 453.02 453.02 453.04 453.05 453.04 453.03 453.02 453.06 453.04 453.05 453.07 453.05 453.08 453.09 453.06 453.05 453.04 453.04 453.04 453.07 453.07 453.08 453.08 453.11 453.12 453.16 453.17 453.12 453.12 453.12 453.15 453.16 453.18 453.15 453.18 453.17 453.17 453.2 453.21 453.22 453.22 453.24 453.22 453.25 453.22 453.22 453.2 453.21 453.21 453.21 453.22 453.21 453.21 453.2 453.19 453.2 453.18 453.2 453.21 453.2 453.21 453.21 453.21 453.22 453.24 453.23 453.24
453.02 453.02 453.04 453.03 453.03 453.02 453.05 453.05 453.05 453.03 453.06 453.05 453.04 453.06 453.03 453.07 453.05 453.07 453.07 453.05 453.04 453.04 453.06 453.06 453.07 453.08 453.09 453.12 453.13 453.14 453.16 453.14 453.14 453.13 453.15 453.17 453.16 453.17 453.16 453.15 453.17 453.17 453.2 453.21 453.2 453.23 453.24 453.24 453.26 453.23 453.23 453.21 453.21 453.2 453.2 453.21 453.2 453.2 453.2 453.2 453.21 453.2 453.2 453.21 453.2 453.22 453.21 453.21 453.23 453.23 453.26 453.26
453.02 453.02 453.04 453.02 453.02 453.02 453.04 453.02 453.03 453.04 453.03 453.04 453.04 453.06 453.06 453.06 453.07 453.06 453.05 453.03 453.03 453.06 453.07 453.06 453.1 453.09 453.11 453.12 453.15 453.16 453.14 453.12 453.11 453.14 453.16 453.14 453.15 453.16 453.16 453.17 453.16 453.18 453.19 453.2 453.22 453.23 453.24 453.23 453.25 453.25 453.25 453.23 453.2 453.19 453.19 453.2 453.19 453.21 453.21 453.19 453.2 453.19 453.22 453.21 453.22 453.23 453.22 453.22 453.23 453.24 453.25 453.25
453.01 453.01 453.02 453.02 453.03 453.03 453.04 453.04 453.02 453.03 453.04 453.05 453.04 453.06 453.04 453.07 453.07 453.05 453.05 453.04 453.05 453.04 453.07 453.08 453.1 453.11 453.11 453.13 453.13 453.15 453.13 453.11 453.11 453.09 453.15 453.16 453.15 453.17 453.16 453.18 453.19 453.18 453.18 453.22 453.21 453.22 453.23 453.24 453.25 453.23 453.23 453.21 453.21 453.21 453.19 453.2 453.2 453.21 453.19 453.2 453.19 453.21 453.2 453.2 453.2 453.22 453.21 453.23 453.24 453.25 453.24 453.26
453.01 453.05 453.02 453 453 453.04 453.01 453.02 453.03 453.05 453.03 453.02 453.04 453.05 453.06 453.07 453.05 453.05 453.04 453.05 453.07 453.06 453.06 453.09 453.11 453.11 453.12 453.13 453.13 453.13 453.13 453.12 453.1 453.13 453.14 453.16 453.15 453.17 453.16 453.17 453.18 453.19 453.2 453.21 453.22 453.22 453.22 453.23 453.23 453.24 453.21 453.2 453.2 453.19 453.21 453.21 453.2 453.2 453.18 453.2 453.19 453.2 453.2 453.21 453.21 453.2 453.22 453.23 453.25 453.26 453.26 453.28
453.05 453.07 453.11 453.07 453.08 453.13 453.11 453.07 453.08 453.08 453.11 453.07 453.03 453.04 453.03 453.05 453.04 453.04 453.04 453.07 453.07 453.08 453.08 453.1 453.11 453.11 453.11 453.12 453.11 453.09 453.11 453.16 453.13 453.16 453.16 453.15 453.18 453.16 453.17 453.18 453.18 453.18 453.21 453.21 453.23 453.21 453.21 453.22 453.23 453.2 453.22 453.2 453.21 453.21 453.2 453.21 453.21 453.21 453.2 453.19 453.2 453.19 453.2 453.22 453.22 453.22 453.23 453.23 453.25 453.26 453.27 453.29
453.06 453.06 453.05 453.05 453.04 453.06 453.09 453.06 453.08 453.1 453.09 453.13 453.13 453.11 453.08 453.06 453.05 453.02 453.05 453.04 453.06 453.07 453.08 453.11 453.1 453.09 453.12 453.12 453.13 453.11 453.12 453.16 453.17 453.16 453.16 453.15 453.17 453.17 453.17 453.19 453.18 453.19 453.2 453.21 453.18 453.21 453.22 453.2 453.22 453.23 453.21 453.21 453.22 453.21 453.2 453.2 453.21 453.2 453.21 453.22 453.2 453.19 453.21 453.23 453.22 453.23 453.24 453.24 453.26 453.28 453.28 453.31
453.07 453.08 453.03 453.04 453.03 453.05 453.07 453.05 453.07 453.08 453.09 453.1 453.1 453.09 453.09 453.07 453.05 453.06 453.09 453.07 453.06 453.07 453.08 453.09 453.1 453.11 453.14 453.16 453.14 453.13 453.12 453.14 453.17 453.15 453.17 453.14 453.17 453.19 453.17 453.19 453.2 453.18 453.19 453.22 453.21 453.2 453.21 453.21 453.21 453.22 453.23 453.24 453.2 453.2 453.2 453.2 453.19 453.21 453.19 453.21 453.21 453.19 453.21 453.22 453.23 453.25 453.25 453.25 453.27 453.28 453.29 453.33
453.08 453.07 453.05 453.05 453.04 453.05 453.06 453.05 453.07 453.09 453.1 453.09 453.11 453.1 453.09 453.06 453.06 453.06 453.09 453.1 453.08 453.12 453.08 453.1 453.07 453.07 453.11 453.13 453.14 453.13 453.13 453.15 453.16 453.18 453.14 453.15 453.18 453.18 453.17 453.19 453.18 453.18 453.19 453.22 453.22 453.19 453.2 453.2 453.2 453.22 453.22 453.22 453.21 453.21 453.19 453.21 453.19 453.2 453.21 453.22 453.21 453.21 453.22 453.24 453.24 453.26 453.27 453.27 453.28 453.3 453.31 453.33
453.06 453.06 453.05 453.05 453.08 453.07 453.06 453.07 453.07 453.1 453.11 453.11 453.12 453.1 453.06 453.06 453.07 453.09 453.09 453.09 453.09 453.19 453.21 453.22 453.14 453.1 453.08 453.08 453.11 453.13 453.13 453.15 453.13 453.14 453.13 453.15 453.16 453.18 453.19 453.19 453.19 453.2 453.19 453.2 453.21 453.24 453.22 453.21 453.21 453.21 453.22 453.21 453.19 453.2 453.19 453.2 453.21 453.2 453.21 453.21 453.23 453.23 453.22 453.24 453.24 453.28 453.29 453.28 453.3 453.31 453.31 453.35
453.05 453.05 453.07 453.08 453.06 453.06 453.08 453.07 453.07 453.1 453.12 453.11 453.11 453.08 453.06 453.07 453.08 453.08 453.09 453.1 453.13 453.25 453.23 453.21 453.18 453.16 453.12 453.1 453.11 453.13 453.13 453.12 453.14 453.13 453.15 453.16 453.16 453.19 453.18 453.18 453.18 453.18 453.19 453.2 453.2 453.2 453.19 453.22 453.21 453.24 453.21 453.2 453.2 453.19 453.19 453.2 453.2 453.21 453.22 453.21 453.22 453.23 453.24 453.25 453.25 453.28 453.29 453.32 453.3 453.32 453.32 453.35
453.05 453.06 453.05 453.06 453.06 453.08 453.08 453.11 453.11 453.14 453.13 453.1 453.08 453.07 453.05 453.06 453.08 453.1 453.08 453.12 453.18 453.23 453.2 453.22 453.19 453.18 453.19 453.17 453.12 453.16 453.15 453.14 453.13 453.12 453.14 453.14 453.16 453.16 453.17 453.19 453.18 453.19 453.18 453.19 453.19 453.18 453.19 453.21 453.23 453.22 453.22 453.22 453.2 453.21 453.2 453.21 453.21 453.22 453.22 453.23 453.23 453.24 453.26 453.26 453.27 453.3 453.3 453.3 453.29 453.31 453.31 453.34
453.05 453.05 453.06 453.07 453.07 453.07 453.08 453.12 453.12 453.13 453.14 453.08 453.06 453.07 453.07 453.08 453.1 453.1 453.08 453.16 453.22 453.21 453.19 453.19 453.18 453.18 453.19 453.18 453.18 453.16 453.13 453.13 453.16 453.14 453.15 453.15 453.16 453.17 453.18 453.2 453.18 453.19 453.19 453.2 453.2 453.19 453.19 453.2 453.21 453.21 453.21 453.21 453.21 453.21 453.2 453.21 453.21 453.21 453.22 453.24 453.24 453.26 453.26 453.27 453.28 453.3 453.3 453.31 453.31 453.29 453.31 453.33
453.05 453.06 453.07 453.07 453.08 453.1 453.1 453.11 453.13 453.15 453.11 453.08 453.07 453.09 453.1 453.11 453.1 453.1 453.1 453.19 453.21 453.19 453.2 453.18 453.19 453.18 453.2 453.22 453.21 453.23 453.14 453.11 453.13 453.15 453.14 453.15 453.17 453.18 453.16 453.2 453.2 453.19 453.21 453.2 453.2 453.21 453.19 453.22 453.2 453.2 453.22 453.21 453.2 453.21 453.21 453.22 453.24 453.22 453.21 453.25 453.24 453.26 453.27 453.28 453.27 453.29 453.29 453.3 453.3 453.33 453.32 453.35
453.05 453.06 453.06 453.07 453.08 453.09 453.09 453.11 453.1 453.12 453.11 453.07 453.09 453.11 453.14 453.14 453.11 453.12 453.13 453.21 453.21 453.2 453.18 453.19 453.18 453.18 453.18 453.21 453.2 453.26 453.18 453.17 453.22 453.15 453.15 453.14 453.18 453.17 453.19 453.19 453.21 453.2 453.21 453.22 453.23 453.21 453.19 453.23 453.22 453.22 453.21 453.21 453.22 453.2 453.2 453.22 453.2 453.21 453.23 453.26 453.24 453.26 453.25 453.28 453.28 453.3 453.28 453.3 453.31 453.33 453.33 453.34
453.06 453.07 453.09 453.09 453.09 453.12 453.09 453.1 453.13 453.08 453.1 453.08 453.08 453.14 453.12 453.14 453.12 453.17 453.19 453.22 453.21 453.19 453.17 453.19 453.18 453.14 453.16 453.2 453.23 453.2 453.19 453.16 453.18 453.21 453.18 453.17 453.18 453.18 453.19 453.2 453.2 453.2 453.23 453.24 453.23 453.23 453.22 453.21 453.21 453.22 453.23 453.2 453.2 453.19 453.22 453.22 453.22 453.21 453.26 453.26 453.25 453.26 453.28 453.28 453.28 453.29 453.3 453.31 453.32 453.33 453.36 453.37
453.08 453.09 453.08 453.09 453.08 453.1 453.1 453.11 453.12 453.08 453.08 453.1 453.1 453.13 453.13 453.13 453.14 453.18 453.23 453.23 453.21 453.16 453.19 453.19 453.19 453.16 453.2 453.21 453.21 453.2 453.18 453.18 453.19 453.2 453.21 453.21 453.28 453.25 453.21 453.16 453.18 453.18 453.2 453.23 453.23 453.21 453.23 453.22 453.22 453.21 453.2 453.19 453.21 453.21 453.24 453.22 453.22 453.23 453.24 453.25 453.25 453.28 453.28 453.29 453.29 453.3 453.3 453.31 453.33 453.33 453.39 453.37
453.07 453.09 453.1 453.09 453.09 453.1 453.1 453.11 453.09 453.06 453.08 453.08 453.11 453.12 453.1 453.1 453.17 453.22 453.22 453.23 453.2 453.19 453.2 453.17 453.18 453.19 453.24 453.19 453.17 453.18 453.17 453.2 453.2 453.18 453.2 453.21 453.26 453.26 453.23 453.21 453.19 453.19 453.17 453.19 453.18 453.21 453.22 453.22 453.21 453.21 453.22 453.22 453.2 453.19 453.23 453.26 453.23 453.23 453.24 453.29 453.28 453.27 453.28 453.28 453.3 453.31 453.33 453.36 453.34 453.35 453.37 453.4
453.07 453.09 453.09 453.09 453.1 453.12 453.11 453.11 453.07 453.06 453.08 453.11 453.11 453.13 453.12 453.17 453.25 453.24 453.22 453.21 453.2 453.21 453.2 453.18 453.21 453.19 453.2 453.19 453.16 453.16 453.19 453.2 453.21 453.21 453.21 453.23 453.2 453.23 453.23 453.23 453.22 453.22 453.21 453.24 453.22 453.2 453.18 453.2 453.19 453.2 453.2 453.21 453.22 453.21 453.25 453.23 453.24 453.24 453.24 453.27 453.27 453.29 453.29 453.27 453.32 453.32 453.33 453.33 453.37 453.37 453.37 453.38
453.1 453.09 453.11 453.11 453.11 453.11 453.11 453.1 453.07 453.09 453.12 453.12 453.13 453.15 453.13 453.18 453.27 453.24 453.22 453.21 453.19 453.18 453.2 453.18 453.21 453.2 453.21 453.16 453.17 453.18 453.19 453.19 453.2 453.19 453.21 453.22 453.21 453.22 453.22 453.22 453.22 453.22 453.23 453.24 453.23 453.22 453.22 453.21 453.22 453.19 453.19 453.2 453.21 453.21 453.24 453.25 453.26 453.25 453.25 453.28 453.28 453.31 453.29 453.26 453.31 453.33 453.34 453.33 453.38 453.38 453.4 453.4
453.09 453.07 453.11 453.13 453.11 453.11 453.11 453.08 453.08 453.1 453.1 453.12 453.13 453.14 453.17 453.25 453.24 453.23 453.21 453.19 453.19 453.2 453.18 453.22 453.21 453.22 453.18 453.16 453.17 453.21 453.21 453.21 453.2 453.23 453.23 453.23 453.21 453.22 453.23 453.22 453.22 453.23 453.22 453.22 453.21 453.21 453.23 453.21 453.21 453.22 453.25 453.24 453.23 453.23 453.23 453.23 453.25 453.25 453.27 453.27 453.28 453.3 453.29 453.29 453.31 453.32 453.33 453.35 453.38 453.4 453.4 453.39
453.12 453.1 453.11 453.13 453.1 453.1 453.1 453.08 453.08 453.11 453.14 453.11 453.12 453.17 453.22 453.24 453.24 453.22 453.21 453.21 453.2 453.2 453.23 453.23 453.22 453.22 453.19 453.18 453.2 453.21 453.22 453.22 453.22 453.22 453.23 453.22 453.22 453.22 453.23 453.24 453.21 453.22 453.22 453.23 453.23 453.23 453.23 453.19 453.2 453.21 453.24 453.25 453.25 453.26 453.25 453.27 453.28 453.25 453.27 453.27 453.26 453.29 453.28 453.28 453.31 453.32 453.35 453.35 453.39 453.41 453.39 453.38
453.09 453.12 453.13 453.13 453.08 453.09 453.1 453.08 453.1 453.14 453.14 453.12 453.13 453.18 453.25 453.22 453.23 453.2 453.21 453.21 453.2 453.2 453.26 453.24 453.23 453.2 453.19 453.22 453.23 453.23 453.24 453.23 453.24 453.22 453.24 453.22 453.23 453.23 453.23 453.2 453.23 453.22 453.21 453.21 453.22 453.24 453.23 453.22 453.21 453.22 453.22 453.21 453.24 453.24 453.25 453.27 453.3 453.31 453.3 453.28 453.31 453.29 453.29 453.27 453.29 453.31 453.32 453.36 453.39 453.39 453.4 453.37
453.11 453.12 453.12 453.12 453.12 453.11 453.11 453.12 453.13 453.14 453.15 453.13 453.15 453.22 453.24 453.22 453.21 453.2 453.21 453.23 453.2 453.24 453.22 453.21 453.22 453.21 453.23 453.23 453.23 453.24 453.26 453.28 453.25 453.22 453.23 453.22 453.22 453.2 453.25 453.23 453.21 453.24 453.22 453.22 453.22 453.23 453.22 453.23 453.22 453.25 453.23 453.24 453.24 453.25 453.26 453.27 453.27 453.3 453.29 453.29 453.31 453.31 453.33 453.33 453.33 453.36 453.35 453.39 453.41 453.38 453.36 453.37
453.12 453.13 453.13 453.14 453.1 453.1 453.12 453.13 453.14 453.15 453.15 453.15 453.2 453.25 453.22 453.21 453.18 453.2 453.22 453.21 453.2 453.22 453.25 453.23 453.2 453.21 453.24 453.26 453.25 453.27 453.27 453.29 453.25 453.24 453.24 453.25 453.23 453.24 453.23 453.22 453.23 453.23 453.22 453.22 453.21 453.22 453.21 453.23 453.22 453.23 453.26 453.25 453.25 453.25 453.26 453.28 453.29 453.28 453.29 453.29 453.28 453.3 453.32 453.33 453.35 453.37 453.36 453.4 453.41 453.38 453.36 453.38
453.13 453.14 453.12 453.11 453.1 453.1 453.12 453.14 453.15 453.14 453.16 453.19 453.23 453.24 453.22 453.19 453.17 453.19 453.2 453.2 453.22 453.24 453.27 453.23 453.21 453.23 453.26 453.27 453.29 453.29 453.27 453.29 453.25 453.24 453.25 453.25 453.25 453.24 453.24 453.23 453.22 453.22 453.22 453.22 453.23 453.24 453.22 453.22 453.22 453.25 453.25 453.26 453.28 453.26 453.26 453.25 453.28 453.3 453.32 453.29 453.29 453.3 453.32 453.34 453.35 453.38 453.39 453.37 453.35 453.35 453.36 453.38
453.13 453.13 453.15 453.13 453.09 453.09 453.11 453.14 453.16 453.16 453.19 453.22 453.24 453.22 453.2 453.17 453.18 453.18 453.18 453.22 453.23 453.27 453.27 453.23 453.24 453.25 453.27 453.27 453.3 453.3 453.32 453.29 453.26 453.24 453.24 453.24 453.23 453.23 453.24 453.23 453.21 453.23 453.24 453.23 453.23 453.24 453.25 453.23 453.24 453.25 453.25 453.27 453.26 453.27 453.27 453.28 453.27 453.29 453.28 453.28 453.29 453.3 453.3 453.34 453.39 453.39 453.4 453.36 453.37 453.35 453.36 453.35
453.14 453.13 453.14 453.15 453.11 453.11 453.13 453.16 453.15 453.16 453.21 453.24 453.24 453.22 453.19 453.17 453.19 453.18 453.2 453.26 453.25 453.27 453.22 453.22 453.24 453.26 453.28 453.3 453.29 453.3 453.29 453.31 453.26 453.25 453.24 453.26 453.23 453.23 453.25 453.24 453.23 453.23 453.24 453.24 453.23 453.24 453.23 453.26 453.23 453.28 453.28 453.29 453.27 453.26 453.27 453.27 453.28 453.26 453.26 453.24 453.27 453.32 453.32 453.35 453.37 453.36 453.38 453.35 453.34 453.34 453.35 453.34
453.15 453.14 453.13 453.13 453.13 453.13 453.14 453.15 453.16 453.2 453.23 453.23 453.22 453.21 453.18 453.21 453.2 453.15 453.25 453.26 453.27 453.23 453.22 453.26 453.26 453.29 453.29 453.3 453.29 453.29 453.29 453.28 453.26 453.26 453.25 453.26 453.24 453.24 453.25 453.24 453.23 453.22 453.25 453.25 453.24 453.27 453.24 453.24 453.26 453.28 453.26 453.29 453.28 453.28 453.29 453.3 453.3 453.29 453.31 453.28 453.27 453.28 453.37 453.35 453.41 453.36 453.37 453.36 453.36 453.34 453.37 453.35
453.15 453.16 453.14 453.12 453.11 453.14 453.15 453.16 453.17 453.22 453.23 453.22 453.21 453.21 453.2 453.21 453.19 453.17 453.25 453.26 453.24 453.22 453.23 453.26 453.27 453.28 453.29 453.31 453.28 453.29 453.27 453.27 453.26 453.26 453.25 453.27 453.24 453.23 453.26 453.24 453.24 453.27 453.24 453.25 453.23 453.26 453.26 453.26 453.27 453.27 453.27 453.28 453.29 453.29 453.29 453.28 453.3 453.32 453.34 453.36 453.31 453.32 453.34 453.36 453.36 453.36 453.36 453.35 453.36 453.34 453.35 453.36
453.14 453.17 453.12 453.12 453.13 453.14 453.15 453.18 453.21 453.28 453.22 453.21 453.21 453.21 453.23 453.21 453.17 453.24 453.28 453.25 453.21 453.21 453.23 453.27 453.28 453.29 453.31 453.3 453.32 453.3 453.28 453.27 453.25 453.28 453.25 453.27 453.24 453.25 453.27 453.26 453.23 453.25 453.25 453.26 453.25 453.26 453.26 453.24 453.28 453.28 453.28 453.28 453.3 453.29 453.28 453.31 453.31 453.32 453.35 453.36 453.37 453.36 453.37 453.34 453.35 453.37 453.35 453.35 453.36 453.35 453.35 453.33
453.23 453.22 453.2 453.14 453.14 453.15 453.18 453.22 453.24 453.24 453.21 453.21 453.21 453.23 453.2 453.16 453.19 453.24 453.26 453.25 453.23 453.25 453.25 453.28 453.27 453.3 453.29 453.29 453.31 453.3 453.27 453.29 453.26 453.27 453.26 453.25 453.23 453.23 453.25 453.25 453.24 453.25 453.25 453.26 453.25 453.27 453.27 453.26 453.24 453.31 453.3 453.3 453.32 453.33 453.31 453.3 453.31 453.33 453.35 453.38 453.41 453.38 453.39 453.35 453.36 453.34 453.33 453.35 453.35 453.36 453.38 453.37
