HMConTests/TestFiles/out/sample-cropped-maps.zh.asc
ncols        601
nrows        741
xllcorner    2708125
yllcorner    2708590
cellsize     0.5
NODATA_value -3.40282E+38
[rows 384 to 415 of 741, columns 360 to 431 of 601]
655.87 655.81 655.88 655.88 655.92 655.85 655.82 655.86 655.85 655.86 655.88 655.82 655.89 655.88 655.88 655.88 655.8 655.83 655.9 655.91 655.89 655.92 655.93 655.9 655.97 655.99 656.07 656.07 656.05 656.14 656.19 656.15 656.04 656.11 656.23 656.28 656.27 656.37 656.41 656.53 656.67 656.81 656.9 656.96 657.14 657.4 657.61 657.83 657.92 658.06 658.14 658.24 658.28 658.42 658.59 658.64 658.65 658.65 658.73 658.78 658.71 658.71 658.74 658.68 658.71 658.66 658.6 658.66 658.65 658.62 658.51 658.42
655.65 655.7 655.7 655.74 655.71 655.68 655.69 655.7 655.72 655.67 655.6 655.65 655.68 655.68 655.59 655.64 655.64 655.63 655.59 655.66 655.72 655.68 655.66 655.71 655.75 655.79 655.84 655.82 655.83 655.89 655.88 655.84 655.9 655.95 655.99 655.96 655.98 655.99 656.07 656.1 656.38 656.49 656.67 656.83 656.92 657.03 657.34 657.46 657.63 657.73 657.96 658.03 658.09 658.16 658.22 658.32 658.29 658.42 658.43 658.38 658.41 658.47 658.5 658.45 658.36 658.44 658.39 658.36 658.25 658.2 658.12 658.11
655.49 655.54 655.54 655.51 655.48 655.43 655.45 655.49 655.41 655.45 655.47 655.46 655.49 655.48 655.5 655.54 655.51 655.46 655.49 655.5 655.47 655.43 655.49 655.55 655.55 655.55 655.55 655.63 655.64 655.61 655.64 655.67 655.64 655.73 655.77 655.78 655.77 655.75 655.79 655.89 656.08 656.26 656.36 656.54 656.8 656.87 656.92 657.17 657.37 657.47 657.52 657.71 657.84 657.94 658.01 658.02 658.06 658.09 658.1 658.13 658.19 658.16 658.09 658.04 658.13 658.11 658.06 657.97 657.9 657.84 657.89 657.84
655.33 655.33 655.29 655.3 655.25 655.32 655.25 655.22 655.25 655.24 655.27 655.23 655.22 655.22 655.2 655.24 655.26 655.29 655.33 655.27 655.26 655.3 655.3 655.36 655.37 655.36 655.37 655.36 655.37 655.42 655.49 655.49 655.47 655.45 655.5 655.54 655.52 655.55 655.61 655.71 655.94 656.08 656.12 656.18 656.39 656.64 656.75 656.82 656.95 657.17 657.29 657.34 657.41 657.5 657.69 657.71 657.77 657.84 657.74 657.81 657.79 657.74 657.69 657.79 657.76 657.72 657.72 657.66 657.58 657.63 657.48 657.54
655.17 655.1 655.09 655.08 655.15 655.04 655.04 655.06 655.02 655.06 654.98 655.02 654.99 654.98 654.97 654.97 655 655.05 654.97 655.04 655.09 655.07 655.05 655.11 655.12 655.16 655.17 655.13 655.21 655.25 655.27 655.28 655.23 655.25 655.26 655.26 655.31 655.36 655.38 655.48 655.57 655.77 655.87 655.98 656.07 656.21 656.44 656.62 656.72 656.77 656.88 657.08 657.16 657.22 657.23 657.31 657.43 657.52 657.53 657.41 657.5 657.48 657.52 657.56 657.46 657.37 657.38 657.35 657.36 657.34 657.33 657.26
654.98 654.94 654.97 654.95 654.86 654.89 654.85 654.87 654.87 654.8 654.83 654.82 654.81 654.82 654.84 654.87 654.79 654.81 654.83 654.85 654.87 654.81 654.88 654.88 654.9 654.84 654.84 654.95 654.99 655 655.03 655.07 655.09 655.08 655.08 655.13 655.16 655.21 655.2 655.21 655.34 655.41 655.53 655.75 655.92 656.02 656.16 656.32 656.47 656.55 656.61 656.7 656.82 656.92 656.97 656.97 657.11 657.15 657.14 657.11 657.16 657.19 657.26 657.2 657.18 657.07 657.04 657.01 657.04 657.01 657.07 657.02
654.77 654.79 654.79 654.71 654.72 654.7 654.66 654.68 654.67 654.69 654.64 654.64 654.62 654.6 654.64 654.64 654.65 654.67 654.64 654.65 654.63 654.69 654.67 654.7 654.62 654.71 654.75 654.77 654.78 654.8 654.84 654.86 654.87 654.87 654.9 654.95 655 655.05 655.06 655.04 655.09 655.18 655.26 655.44 655.69 655.77 655.9 655.96 656.1 656.25 656.33 656.52 656.51 656.64 656.7 656.78 656.82 656.89 656.91 656.93 656.93 656.94 656.92 656.88 656.81 656.77 656.74 656.75 656.73 656.76 656.74 656.75
654.63 654.52 654.49 654.53 654.49 654.48 654.54 654.49 654.45 654.43 654.43 654.4 654.43 654.4 654.45 654.45 654.43 654.48 654.39 654.38 654.45 654.47 654.43 654.43 654.48 654.49 654.5 654.53 654.55 654.6 654.61 654.64 654.65 654.72 654.75 654.78 654.81 654.88 654.94 654.92 655 655.03 655.05 655.17 655.28 655.49 655.61 655.73 655.84 655.89 656.06 656.17 656.24 656.31 656.4 656.45 656.52 656.56 656.6 656.63 656.65 656.64 656.54 656.52 656.54 656.49 656.46 656.46 656.51 656.5 656.48 656.37
654.31 654.3 654.32 654.3 654.32 654.27 654.3 654.32 654.3 654.28 654.27 654.25 654.21 654.29 654.27 654.24 654.22 654.29 654.29 654.24 654.19 654.18 654.2 654.27 654.26 654.27 654.26 654.29 654.34 654.33 654.39 654.45 654.5 654.53 654.56 654.58 654.61 654.63 654.66 654.7 654.78 654.95 655.08 655.07 655.04 655.11 655.26 655.39 655.55 655.74 655.79 655.89 655.98 656.02 656.05 656.17 656.17 656.2 656.27 656.29 656.28 656.19 656.22 656.17 656.23 656.13 656.17 656.21 656.14 656.14 656.06 656.07
654.18 654.14 654.16 654.11 654.12 654.13 654.1 654.1 654.1 654.01 654.05 653.96 654.06 654.07 654.06 653.98 653.95 654.05 654.07 653.97 654.02 654.05 654.06 654.05 654.01 654.01 654.02 654.03 654.04 654.11 654.2 654.29 654.27 654.33 654.37 654.37 654.34 654.38 654.4 654.41 654.55 654.64 654.8 654.88 654.95 655.01 655 655.16 655.28 655.41 655.51 655.63 655.71 655.68 655.87 655.95 655.98 656 656.01 656 655.97 655.98 656.01 656.09 656.04 656.03 656.01 656.01 655.93 655.86 655.87 655.9
653.98 653.99 653.9 653.96 653.94 653.82 653.83 653.83 653.83 653.75 653.71 653.74 653.74 653.78 653.76 653.73 653.77 653.79 653.71 653.77 653.85 653.88 653.86 653.83 653.84 653.84 653.78 653.86 653.89 653.93 653.97 654.03 654.07 654.15 654.09 654.19 654.18 654.18 654.2 654.31 654.31 654.36 654.43 654.6 654.72 654.84 654.94 654.94 654.91 655.07 655.12 655.22 655.32 655.44 655.49 655.61 655.63 655.59 655.58 655.66 655.65 655.66 655.7 655.77 655.77 655.75 655.73 655.72 655.65 655.59 655.6 655.71
653.74 653.71 653.74 653.7 653.66 653.63 653.63 653.62 653.49 653.55 653.5 653.52 653.55 653.5 653.54 653.54 653.51 653.54 653.56 653.57 653.55 653.59 653.58 653.56 653.59 653.56 653.65 653.66 653.71 653.76 653.78 653.79 653.86 653.88 653.93 653.92 653.94 653.96 654.05 654.14 654.2 654.15 654.18 654.29 654.42 654.59 654.69 654.73 654.81 654.86 654.85 654.93 655.04 655.14 655.2 655.2 655.2 655.2 655.29 655.28 655.31 655.31 655.39 655.42 655.4 655.32 655.27 655.29 655.16 655.29 655.3 655.32
653.53 653.52 653.48 653.42 653.42 653.44 653.43 653.37 653.37 653.35 653.37 653.33 653.33 653.31 653.29 653.25 653.32 653.33 653.34 653.32 653.33 653.32 653.33 653.32 653.38 653.36 653.4 653.44 653.48 653.52 653.55 653.56 653.67 653.7 653.73 653.7 653.79 653.81 653.81 653.79 653.81 653.96 654.07 654.13 654.16 654.22 654.34 654.45 654.52 654.6 654.74 654.79 654.89 654.96 654.95 654.99 654.99 655.08 655.11 655.19 655.15 655.13 655.14 655.17 655.12 655.06 655.12 655.04 655.08 655.06 655.05 655.1
653.26 653.27 653.23 653.2 653.2 653.16 653.16 653.2 653.22 653.18 653.14 653.2 653.14 653.14 653.09 653.14 653.12 653.16 653.14 653.1 653.12 653.12 653.08 653.19 653.18 653.2 653.23 653.21 653.22 653.21 653.29 653.37 653.4 653.47 653.49 653.57 653.6 653.62 653.58 653.59 653.68 653.72 653.83 653.91 653.97 654.07 654.14 654.13 654.2 654.31 654.36 654.47 654.57 654.55 654.6 654.73 654.67 654.73 654.79 654.9 654.9 654.89 654.89 654.77 654.83 654.8 654.86 654.81 654.81 654.9 654.89 654.89
652.9 652.98 652.96 652.94 652.97 653.02 653.05 653.04 653.04 652.99 652.95 652.95 652.86 652.87 652.87 652.87 652.9 652.89 652.87 652.85 652.92 652.83 652.87 652.92 652.95 652.95 653 652.98 653.01 653 653.08 653.13 653.16 653.21 653.3 653.3 653.32 653.32 653.43 653.46 653.49 653.54 653.55 653.62 653.73 653.87 653.93 653.99 654.07 654.13 654.12 654.2 654.19 654.25 654.32 654.32 654.42 654.43 654.43 654.54 654.57 654.58 654.53 654.48 654.41 654.56 654.51 654.52 654.56 654.59 654.57 654.62
652.71 652.69 652.65 652.63 652.7 652.68 652.75 652.71 652.79 652.77 652.75 652.68 652.71 652.66 652.67 652.68 652.65 652.64 652.64 652.64 652.67 652.67 652.67 652.68 652.67 652.69 652.68 652.72 652.76 652.86 652.9 652.93 652.97 653.01 653.03 653.02 653 653.14 653.15 653.21 653.26 653.29 653.38 653.45 653.49 653.51 653.63 653.74 653.82 653.95 653.97 653.93 654 654.07 654.13 654.21 654.21 654.16 654.19 654.24 654.33 654.3 654.24 654.31 654.38 654.33 654.35 654.32 654.3 654.33 654.3 654.29
652.54 652.45 652.48 652.53 652.47 652.49 652.43 652.38 652.41 652.38 652.34 652.43 652.47 652.53 652.45 652.43 652.43 652.46 652.36 652.45 652.45 652.45 652.47 652.45 652.46 652.48 652.48 652.55 652.59 652.62 652.65 652.74 652.79 652.81 652.82 652.85 652.93 652.93 652.96 652.96 652.97 653.06 653.16 653.17 653.25 653.38 653.44 653.49 653.62 653.6 653.64 653.77 653.76 653.83 653.8 653.88 653.93 653.89 653.93 653.99 654 653.94 654.03 654.02 654.03 654.09 654.05 654 654.04 653.93 654.06 654.09
652.18 652.26 652.29 652.33 652.33 652.26 652.24 652.2 652.21 652.14 652.17 652.19 652.2 652.15 652.11 652.11 652.14 652.13 652.22 652.2 652.23 652.21 652.2 652.2 652.12 652.25 652.31 652.37 652.43 652.38 652.46 652.51 652.5 652.55 652.63 652.67 652.72 652.77 652.79 652.83 652.83 652.84 652.82 652.91 653.06 653.09 653.2 653.3 653.35 653.4 653.45 653.44 653.59 653.67 653.66 653.66 653.66 653.71 653.68 653.66 653.62 653.73 653.71 653.73 653.72 653.75 653.77 653.73 653.7 653.73 653.76 653.78
652 651.97 651.98 651.96 652 651.99 652.04 651.97 651.98 652.04 652.05 652.04 651.97 651.93 651.92 651.87 651.89 651.95 651.95 651.96 651.95 651.97 651.94 652 652.07 652.07 652.12 652.12 652.16 652.24 652.22 652.23 652.26 652.39 652.43 652.47 652.49 652.44 652.56 652.63 652.62 652.68 652.71 652.77 652.8 652.86 652.94 652.91 653.07 653.15 653.19 653.24 653.3 653.32 653.37 653.45 653.5 653.53 653.49 653.57 653.56 653.52 653.5 653.53 653.55 653.58 653.51 653.54 653.56 653.57 653.61 653.57
651.79 651.79 651.67 651.7 651.69 651.72 651.7 651.69 651.74 651.76 651.75 651.82 651.79 651.83 651.85 651.78 651.8 651.76 651.72 651.67 651.63 651.58 651.68 651.79 651.85 651.91 651.96 651.95 652.02 652 651.99 652.01 652.08 652.1 652.17 652.23 652.22 652.28 652.3 652.26 652.37 652.5 652.55 652.61 652.69 652.71 652.74 652.81 652.8 652.93 653.02 653.01 653.05 653.1 653.11 653.11 653.18 653.18 653.31 653.37 653.34 653.42 653.32 653.28 653.26 653.27 653.4 653.36 653.38 653.48 653.44 653.47
651.51 651.49 651.51 651.54 651.46 651.45 651.51 651.48 651.46 651.43 651.42 651.49 651.48 651.47 651.57 651.66 651.57 651.58 651.57 651.51 651.46 651.49 651.5 651.5 651.49 651.57 651.69 651.62 651.69 651.74 651.86 651.94 651.92 651.92 651.93 651.94 652 651.97 652.02 652.08 652.12 652.2 652.28 652.37 652.41 652.55 652.6 652.58 652.63 652.72 652.7 652.7 652.78 652.77 652.72 652.83 652.83 652.88 652.92 652.94 652.98 653.11 653.02 652.94 652.95 653.02 653.03 653.07 653.13 653.15 653.27 653.27
651.32 651.36 651.29 651.23 651.25 651.26 651.26 651.32 651.27 651.22 651.22 651.16 651.21 651.27 651.27 651.3 651.25 651.27 651.27 651.34 651.38 651.39 651.4 651.31 651.33 651.34 651.32 651.33 651.33 651.46 651.54 651.6 651.75 651.69 651.8 651.85 651.87 651.85 651.87 651.9 651.96 652.04 652.06 652.13 652.21 652.21 652.28 652.39 652.51 652.56 652.59 652.56 652.62 652.58 652.55 652.56 652.59 652.57 652.68 652.65 652.64 652.71 652.68 652.76 652.76 652.75 652.76 652.82 652.83 652.91 652.96 652.89
651.15 651.08 651.02 651.03 651.04 651.01 651.02 651.03 651 650.99 650.95 650.94 651.03 651.04 651.04 651.03 651.01 650.97 651.08 651.14 651.16 651.09 651.12 651.16 651.22 651.2 651.21 651.2 651.19 651.21 651.19 651.29 651.32 651.4 651.51 651.52 651.68 651.71 651.75 651.73 651.78 651.85 651.86 651.93 651.94 652.01 652.1 652.13 652.18 652.25 652.25 652.32 652.34 652.32 652.4 652.48 652.46 652.51 652.47 652.49 652.5 652.5 652.5 652.61 652.62 652.56 652.54 652.57 652.61 652.54 652.57 652.65
650.86 650.83 650.91 650.87 650.95 650.89 650.85 650.82 650.82 650.85 650.83 650.81 650.78 650.76 650.79 650.75 650.8 650.84 650.89 650.82 650.83 650.85 650.84 650.92 650.98 650.98 651.04 651.12 651.1 651.12 651.1 651.1 651.12 651.11 651.17 651.21 651.28 651.34 651.44 651.54 651.6 651.66 651.65 651.7 651.72 651.83 651.86 651.88 651.9 651.96 651.93 651.94 652.01 652.07 652.1 652.23 652.3 652.29 652.33 652.36 652.36 652.45 652.43 652.47 652.5 652.43 652.37 652.39 652.31 652.37 652.34 652.47
650.65 650.65 650.65 650.68 650.69 650.63 650.69 650.61 650.75 650.7 650.72 650.69 650.61 650.58 650.58 650.57 650.64 650.62 650.62 650.53 650.57 650.64 650.66 650.65 650.71 650.71 650.78 650.83 650.88 650.91 650.94 651.01 650.96 651 651.03 651.09 651.06 651.07 651.15 651.16 651.24 651.22 651.42 651.58 651.63 651.71 651.69 651.7 651.68 651.7 651.65 651.74 651.76 651.79 651.86 651.92 651.96 651.95 652 652.01 652.15 652.18 652.29 652.32 652.27 652.31 652.25 652.24 652.27 652.27 652.27 652.24
650.51 650.43 650.44 650.43 650.38 650.37 650.42 650.4 650.47 650.43 650.43 650.46 650.42 650.34 650.47 650.55 650.55 650.51 650.47 650.45 650.47 650.39 650.37 650.48 650.5 650.53 650.55 650.53 650.55 650.59 650.63 650.66 650.74 650.81 650.93 650.95 650.99 650.97 650.92 650.9 650.88 650.95 651.08 651.17 651.24 651.32 651.43 651.4 651.48 651.5 651.6 651.61 651.58 651.6 651.63 651.68 651.73 651.71 651.75 651.86 651.89 651.91 651.95 652.03 652.04 652.04 652.06 652.1 652.17 652.09 652.18 652.11
650.28 650.26 650.17 650.18 650.15 650.2 650.19 650.16 650.15 650.18 650.2 650.16 650.26 650.22 650.25 650.31 650.25 650.31 650.36 650.35 650.34 650.24 650.23 650.33 650.4 650.4 650.39 650.41 650.44 650.41 650.39 650.4 650.44 650.47 650.54 650.66 650.63 650.77 650.79 650.78 650.79 650.86 650.87 650.89 650.91 650.93 650.97 650.99 651.06 651.22 651.31 651.39 651.46 651.48 651.44 651.38 651.46 651.53 651.56 651.6 651.67 651.74 651.79 651.76 651.86 651.84 651.84 651.9 651.96 651.94 651.91 651.97
649.95 649.91 649.74 649.87 649.95 649.92 649.91 649.87 649.82 649.94 649.91 649.99 650.03 650.03 649.97 649.97 650.05 650.07 650.12 650.07 650.11 650.01 650.06 650.19 650.24 650.29 650.26 650.28 650.24 650.24 650.28 650.31 650.35 650.35 650.39 650.38 650.42 650.41 650.49 650.55 650.64 650.67 650.75 650.79 650.79 650.78 650.74 650.79 650.82 650.81 650.94 651.02 651.09 651.17 651.14 651.29 651.33 651.38 651.36 651.37 651.41 651.47 651.49 651.56 651.61 651.66 651.68 651.69 651.7 651.7 651.67 651.7
649.22 649.15 649.28 649.43 649.44 649.43 649.38 649.36 649.45 649.6 649.73 649.77 649.79 649.77 649.77 649.76 649.82 649.75 649.75 649.8 649.8 649.79 649.8 649.89 650.05 650.06 650.09 650.01 650.06 650.09 650.18 650.25 650.18 650.21 650.21 650.25 650.26 650.28 650.32 650.34 650.37 650.45 650.47 650.55 650.6 650.56 650.62 650.75 650.7 650.72 650.72 650.71 650.67 650.73 650.83 650.93 650.96 651.05 651.16 651.26 651.29 651.26 651.36 651.37 651.36 651.43 651.45 651.43 651.49 651.47 651.48 651.43
648.39 648.55 648.71 648.85 648.82 648.81 648.84 648.81 648.99 649.18 649.2 649.23 649.23 649.34 649.24 649.25 649.38 649.61 649.62 649.62 649.63 649.63 649.62 649.7 649.78 649.78 649.8 649.77 649.84 649.83 649.9 649.88 649.94 649.85 649.84 649.97 650.05 650.05 650.23 650.23 650.19 650.22 650.23 650.26 650.29 650.36 650.38 650.51 650.57 650.57 650.6 650.61 650.61 650.61 650.58 650.59 650.64 650.73 650.83 650.87 650.94 650.97 651.05 651.17 651.26 651.26 651.25 651.2 651.23 651.19 651.27 651.26
647.68 647.8 648.01 648.16 648.22 648.18 648.21 648.37 648.5 648.5 648.53 648.57 648.66 648.79 648.73 648.74 648.93 649.23 649.28 649.36 649.37 649.43 649.46 649.49 649.55 649.61 649.6 649.57 649.62 649.61 649.66 649.6 649.66 649.67 649.73 649.75 649.81 649.85 649.86 649.94 649.91 650.02 649.94 650.06 650.09 650.17 650.17 650.25 650.26 650.25 650.24 650.4 650.53 650.5 650.55 650.53 650.5 650.51 650.52 650.55 650.54 650.62 650.69 650.88 650.9 650.96 650.98 651.02 650.96 651.05 651.11 651.16
647.12 647.2 647.39 647.43 647.6 647.56 647.68 647.71 647.79 647.75 647.85 647.95 648.08 648 648.07 648.26 648.37 648.49 648.55 648.67 648.98 649.01 649.11 649.23 649.34 649.36 649.43 649.42 649.44 649.46 649.44 649.41 649.4 649.46 649.5 649.54 649.57 649.57 649.64 649.7 649.73 649.7 649.8 649.84 649.94 649.93 650.01 650.03 649.98 649.98 650.03 650.11 650.2 650.24 650.25 650.38 650.43 650.46 650.45 650.36 650.41 650.4 650.41 650.43 650.51 650.56 650.61 650.65 650.74 650.86 650.91 650.97
