HMConTests/TestFiles/out/sample-cropped-maps.zh.asc
ncols        601
nrows        741
xllcorner    2693125
yllcorner    2693590
cellsize     0.5
NODATA_value -3.40282E+38
[rows 128 to 159 of 741, columns 360 to 431 of 601]
453.69 453.77 453.76 453.78 453.8 453.83 453.8 453.82 453.81 453.8 453.83 453.83 453.84 453.83 453.84 453.87 453.88 453.87 453.9 453.88 453.92 453.92 453.93 453.92 453.99 453.96 453.93 453.96 453.96 453.97 453.96 453.96 453.97 453.98 453.96 453.94 454 453.98 453.96 453.97 453.98 453.95 453.98 453.97 453.99 454 453.99 454.02 453.96 453.97 453.96 453.97 453.95 453.94 453.93 453.93 453.94 453.94 453.95 453.95 453.95 453.97 453.96 453.97 453.9 453.93 453.98 454.02 453.99 454.01 454.01 454
453.73 453.77 453.77 453.8 453.78 453.84 453.82 453.82 453.82 453.83 453.82 453.88 453.86 453.83 453.85 453.88 453.88 453.89 453.89 453.91 453.92 453.94 453.93 453.96 453.98 453.95 453.95 453.97 453.96 453.96 453.95 453.96 453.97 454.02 453.99 453.99 454 453.98 453.97 453.99 453.98 453.98 453.97 453.97 453.99 453.99 454 453.99 453.95 453.96 453.97 453.97 453.95 453.95 453.93 453.95 453.95 453.95 453.96 453.97 453.96 453.98 453.96 453.96 453.92 453.96 453.99 453.98 454 453.96 453.99 454
453.78 453.78 453.82 453.82 453.82 453.84 453.83 453.85 453.84 453.84 453.85 453.84 453.85 453.85 453.85 453.86 453.89 453.88 453.89 453.89 453.93 453.92 453.96 453.99 453.96 453.97 453.97 453.97 453.96 453.98 453.95 453.97 453.97 453.97 454 454 453.98 453.96 453.98 453.99 453.98 453.98 454 454 454 453.99 453.97 453.95 453.96 453.95 453.98 453.96 453.94 453.93 453.95 453.94 453.97 453.96 453.97 453.96 453.99 453.97 453.95 453.89 453.95 453.98 453.98 453.98 453.99 454 453.99 454.01
453.79 453.81 453.82 453.81 453.82 453.86 453.84 453.84 453.84 453.85 453.83 453.86 453.9 453.87 453.85 453.89 453.9 453.86 453.89 453.93 453.92 453.98 453.96 453.96 453.93 453.97 453.97 453.97 453.96 453.97 454.02 453.98 453.98 454.01 454.01 454.02 454.02 454 453.99 454 454 453.99 454 454.01 454.01 453.97 453.97 453.97 453.94 453.96 453.95 453.95 453.94 453.94 453.95 453.96 453.96 453.97 453.97 453.99 453.98 453.97 453.91 453.95 453.98 454 454 454 453.99 454.02 453.99 454.03
453.8 453.85 453.83 453.83 453.84 453.84 453.86 453.87 453.83 453.83 453.84 453.86 453.86 453.86 453.86 453.88 453.87 453.89 453.93 453.92 453.94 453.99 453.92 453.99 453.98 453.96 453.95 453.96 453.95 453.97 453.99 453.95 453.99 453.99 454.03 453.97 454.01 454 453.99 454.01 453.99 453.99 454.02 454.01 453.97 453.96 453.97 453.93 453.96 453.96 453.95 453.93 453.95 453.96 453.95 453.97 453.96 453.99 453.99 453.99 453.96 453.93 453.94 453.98 453.98 453.98 453.99 453.99 453.97 454.01 454.03 454.06
453.84 453.86 453.85 453.85 453.84 453.87 453.86 453.87 453.84 453.84 453.85 453.88 453.89 453.89 453.89 453.89 453.89 453.91 453.9 453.92 453.98 453.94 453.94 453.99 453.96 453.94 453.95 453.94 453.98 453.94 453.96 453.97 453.99 453.99 454.01 454.02 453.99 454.01 454 454.01 454.02 454.01 454.02 453.98 453.95 453.96 453.94 453.95 453.97 453.94 453.97 453.98 453.96 453.99 453.95 453.98 453.97 453.99 454.02 453.96 453.97 453.94 453.96 453.99 453.97 454 453.98 453.97 454 454.04 454.03 454.03
453.86 453.87 453.86 453.86 453.86 453.88 453.88 453.86 453.87 453.86 453.86 453.88 453.9 453.89 453.93 453.89 453.89 453.91 453.96 453.97 453.94 453.95 453.98 453.95 453.97 453.94 453.95 453.94 453.96 453.93 453.97 454 454 454.02 454.01 454.02 454.02 454.05 454.02 454.03 454.02 454.02 454.01 453.98 453.96 453.95 453.97 453.95 453.96 453.95 453.95 453.96 453.99 453.99 453.98 453.95 453.98 453.99 453.98 453.94 453.91 453.97 453.98 453.98 453.97 454 453.99 453.98 454.02 454.03 454.05 454.04
453.88 453.86 453.87 453.88 453.89 453.89 453.89 453.88 453.87 453.87 453.89 453.9 453.9 453.87 453.89 453.91 453.92 453.95 453.97 453.99 453.95 453.97 453.96 453.96 453.96 453.93 453.96 453.97 453.93 453.95 454 453.99 453.99 454.02 454.04 454 454.04 454.01 454.02 454.05 454.02 453.99 453.98 453.99 453.95 453.96 453.97 453.97 453.95 453.96 453.96 453.99 453.97 453.97 453.98 453.98 454.02 453.98 453.99 453.95 453.94 453.99 453.99 453.97 453.99 453.99 454.01 454.01 454.01 454.04 454.03 454.04
453.9 453.88 453.91 453.88 453.91 453.91 453.88 453.89 453.91 453.88 453.92 453.91 453.89 453.91 453.91 453.89 453.9 453.98 453.97 453.97 453.97 453.99 453.97 453.95 453.95 453.93 453.97 453.93 453.92 453.97 453.98 454.01 453.99 454.01 454.02 454.02 454.02 454.03 454.03 454.05 453.99 453.97 453.98 453.99 453.97 453.97 453.98 453.98 453.96 453.97 453.98 453.99 454 453.96 453.98 454.03 454.01 453.95 453.93 453.97 453.99 453.99 453.99 454.01 453.97 453.98 454 454.01 454.04 454.03 454.03 453.97
453.9 453.87 453.91 453.91 453.92 453.88 453.88 453.91 453.94 453.93 453.92 453.92 453.9 453.93 453.9 453.93 453.98 453.97 453.95 453.97 453.99 453.96 453.96 453.94 453.96 453.96 453.94 453.93 453.96 453.96 453.99 454 454 454.01 454.02 454.03 454.04 454.04 454.06 454 453.99 453.99 453.99 453.97 453.98 453.97 453.99 453.99 453.99 453.98 454 454 454 454.01 454.02 454.04 453.99 453.97 453.96 454.02 454 453.97 454.02 454.01 453.99 454 454.04 454.05 454.03 454.02 454 453.96
453.92 453.93 453.92 453.9 453.91 453.91 453.91 453.93 453.92 453.93 453.93 453.94 453.91 453.95 453.97 453.98 453.99 453.97 453.99 454.02 453.98 453.96 453.96 453.95 453.96 453.95 453.92 453.95 453.96 453.96 454 454.02 453.99 454 453.99 454.03 454.03 454.04 454.04 453.99 453.98 453.98 454 453.99 454 453.96 453.98 453.99 453.99 454 453.99 454 453.98 454.05 454.03 454.04 454 454.01 454 454.03 454.01 454 454.01 454.02 454.01 454.04 454.05 454.04 454.02 454.01 453.94 453.95
453.92 453.95 453.93 453.91 453.93 453.92 453.92 453.92 453.94 453.93 453.92 454 453.98 453.95 454 454.01 454 453.97 454 453.97 453.98 453.95 453.98 453.94 453.94 453.93 453.94 453.94 453.98 453.96 453.98 454 453.99 454.01 454.02 454.02 454.03 454.03 454.01 453.99 454 453.97 454 454 454.01 454 453.99 454.02 454.01 454.02 454.01 454.01 454.04 454.03 454.02 453.98 454.02 454.02 454.02 454.01 454.01 454.01 454.01 454.02 454.04 454.05 454.05 454.05 454.01 453.97 453.92 453.94
453.95 453.94 453.94 453.91 453.92 453.94 453.94 453.94 453.94 453.95 453.94 453.98 453.99 454 454.02 453.95 453.97 453.99 454.03 454.01 453.98 454 453.97 453.97 453.94 453.96 453.95 453.97 453.97 454 453.99 453.99 454 454.02 454.02 454.02 454.02 454 453.99 454.01 453.99 454 454 454 454.04 453.99 453.99 454.06 454.02 454.01 454 454.05 454.04 454.04 453.99 454 454.02 454.02 454.04 454.05 454.03 454.02 454.03 454.04 454.06 454.06 454.05 454.03 453.99 453.95 453.95 454.01
453.96 453.95 453.94 453.94 453.94 453.96 453.94 453.94 453.94 453.94 453.95 453.99 454 454.01 453.99 453.97 453.98 454 454.01 454 453.98 454 453.95 453.96 453.96 453.99 453.96 453.97 454 453.99 454.01 454.03 454.01 454.04 454.04 454 454.01 454 454.01 453.98 454.01 454.01 454 454.02 454.04 454.01 454.03 454.07 454.02 454.02 454.03 454.04 454.03 453.99 454 454.04 454.05 454.02 454.02 454.07 454.04 454.03 454.05 454.08 454.06 454.06 454.03 454 453.97 453.96 453.95 454.01
453.96 453.95 453.97 453.96 454 453.97 453.95 453.94 453.96 453.97 453.99 454 454.02 453.98 454.02 454 454.03 454 454 454.02 454.01 453.98 453.98 453.98 453.99 453.99 454.01 453.98 454.01 453.99 454.02 454.03 454.02 454 454.02 454 454 453.98 453.97 453.99 454 454.01 454.01 454.02 454.03 454.03 454.04 454.02 454.02 454.03 454.06 454.04 454.05 454.02 454.04 454.05 454.05 454.04 454.05 454.04 454.05 454.06 454.08 454.1 454.07 454.05 454 453.96 453.97 453.97 454.01 454.06
453.96 454 453.96 453.99 453.98 454 453.99 453.98 453.98 453.99 454.01 454.02 454 453.97 454.02 454.03 454.03 453.98 454.01 454 454.01 454.01 453.98 453.98 453.98 454 453.99 454.02 454.02 454.02 454.03 454.03 454.03 454 453.98 454 453.99 453.97 453.98 453.99 454 454.02 454 454.02 454.04 454.03 454.06 454.02 454.05 454.08 454.06 454.05 454.02 454.05 454.06 454.05 454.06 454.07 454.08 454.09 454.07 454.1 454.09 454.09 454.07 454.01 453.99 453.97 453.96 454.03 454.04 454.01
453.99 454.01 454.01 454 454.01 453.99 454.02 454 454.01 453.99 454.04 454.01 453.99 454 454.03 454.03 454.02 454.02 454.02 454.01 454.02 453.96 453.99 453.99 453.99 453.99 454.03 454.04 454.01 454 454.01 454.03 454.01 454.01 453.97 454 453.96 453.96 453.99 453.96 453.99 454 454.01 454.03 454.07 454.06 454.03 454.06 454.06 454.08 454.03 454 454.04 454.06 454.06 454.06 454.07 454.07 454.07 454.07 454.09 454.1 454.09 454.09 454.04 453.98 453.99 453.98 454.01 454.04 454.03 454.04
454.01 454.03 454.01 454.01 454.03 454.01 453.98 454.03 454 454.03 454.03 454.02 454.03 454.03 454.04 454.02 454.04 454.04 454.03 454.02 454.01 454.01 453.98 454.02 453.99 454.01 454.04 454.02 454.02 454.02 454.02 454.02 453.99 453.99 454 453.97 453.97 454 453.97 453.99 454 454 454.03 454.05 454.07 454.03 454.06 454.06 454.06 454.04 454.02 454.05 454.08 454.07 454.07 454.09 454.08 454.08 454.08 454.1 454.11 454.14 454.07 454.09 454 453.97 453.99 454.01 454.06 454.05 454.06 454.05
454.03 454.03 454.04 454.04 454.04 454.01 454.03 454.03 454.03 454.03 454 454.04 454.04 454.04 454.04 454.02 454.03 454.02 454.06 454 454.03 454 454.03 454.01 454.03 454.03 454.03 454.03 454.03 454.05 454.01 453.99 454 453.99 453.97 453.97 454 453.98 454 453.99 454.02 454.03 454.03 454.05 454.05 454.04 454.07 454.05 454.04 454.03 454.05 454.07 454.06 454.08 454.07 454.1 454.08 454.1 454.11 454.1 454.11 454.1 454.07 454.01 453.98 453.99 454.02 454.07 454.07 454.07 454.06 454.07
454.05 454.04 454.04 454.05 454.07 454.04 454.05 454.05 454.05 454.02 454.05 454.08 454.04 454.04 454.04 454.06 454.05 454.04 454.03 454.06 454.05 454.01 454.04 454.05 454.05 454.05 454.04 454.04 454.03 454.02 454.01 454.02 453.99 453.96 453.98 454.01 454 454 454 454 454.05 454.05 454.04 454.03 454.04 454.09 454.09 454.04 454.01 454.06 454.06 454.08 454.09 454.08 454.1 454.07 454.09 454.12 454.11 454.12 454.1 454.07 454 453.97 453.96 454.02 454.05 454.1 454.09 454.03 454.05 454.07
454.07 454.06 454.05 454.09 454.08 454.06 454.05 454.05 454.03 454.04 454.08 454.08 454.04 454.03 454.07 454.06 454.08 454.01 454.01 454.02 454.05 454.05 454.04 454.05 454.05 454.06 454.03 454.04 454.02 454.01 454 454.02 453.99 453.97 453.99 454 454 453.98 454.01 454.02 454.04 454.04 454.02 454.06 454.05 454.07 454.03 454.01 454.04 454.08 454.07 454.09 454.09 454.11 454.09 454.08 454.09 454.12 454.12 454.1 454.07 454.05 453.98 453.99 453.99 454.09 454.08 454.07 454.07 454.05 454.07 454.08
454.07 454.07 454.11 454.03 454.08 454.09 454.07 454.06 454.07 454.07 454.09 454.06 454.05 454.05 454.06 454.05 454.08 454.03 454.05 454.07 454.04 454.07 454.07 454.09 454.09 454.05 454.05 454.02 453.98 454.01 454.02 454.01 454 454.01 454.01 453.98 453.99 453.98 454.02 454.02 454.03 454.04 454.05 454.07 454.08 454.1 454.01 454.04 454.05 454.08 454.08 454.07 454.1 454.1 454.08 454.12 454.11 454.12 454.09 454.08 454.02 454.01 453.97 454.03 454.04 454.06 454.07 454.05 454.06 454.06 454.08 454.1
454.08 454.11 454.1 454.07 454.11 454.09 454.05 454.09 454.09 454.08 454.08 454.06 454.08 454.08 454.07 454.02 453.99 454.05 454.06 454.07 454.05 454.08 454.08 454.06 454.08 454.05 454.02 454.02 453.99 454.01 453.99 454 454.02 454.02 453.99 453.99 454.02 454.02 454.04 454.02 454.04 454.04 454.07 454.07 454.06 454.01 454.04 454.06 454.07 454.07 454.07 454.08 454.09 454.09 454.11 454.12 454.12 454.1 454.09 454.03 453.97 453.95 454.01 454.05 454.05 454.07 454.12 454.06 454.07 454.08 454.09 454.1
454.11 454.11 454.1 454.09 454.13 454.09 454.08 454.11 454.11 454.1 454.09 454.08 454.12 454.09 454.06 454.04 454.05 454.05 454.08 454.08 454.08 454.09 454.07 454.05 454.07 454.03 454.02 454.01 454.01 454.02 454.02 454.02 454.04 453.99 454.01 454.02 454.03 454.03 454.01 454.04 454.06 454.05 454.07 454.02 454.02 454.03 454.06 454.07 454.08 454.06 454.08 454.1 454.08 454.1 454.11 454.14 454.11 454.11 454.04 453.98 453.99 454.01 454.07 454.06 454.05 454.07 454.06 454.05 454.09 454.1 454.09 454.11
454.11 454.1 454.12 454.1 454.1 454.09 454.09 454.11 454.11 454.07 454.08 454.11 454.12 454.1 454.05 454.09 454.09 454.09 454.05 454.11 454.09 454.07 454.07 454.07 454.04 454.03 454.01 454.01 454.01 454.01 454.05 454.02 453.99 454 454.03 454.03 454.03 454.03 454.03 454.06 454.05 454.07 454.05 454.01 454.06 454.05 454.08 454.07 454.09 454.1 454.09 454.08 454.11 454.11 454.13 454.11 454.1 454.06 454 453.98 454.04 454.03 454.08 454.07 454.05 454.07 454.07 454.08 454.08 454.09 454.1 454.1
454.12 454.13 454.13 454.1 454.11 454.1 454.13 454.13 454.09 454.09 454.13 454.12 454.11 454.12 454.1 454.11 454.13 454.08 454.12 454.1 454.11 454.09 454.08 454.07 454.04 454.05 454.04 454.01 454.02 454.02 454.04 454 454.01 454 454.04 454.03 454 454.02 454.06 454.05 454.04 454.04 454.05 454.03 454.07 454.07 454.08 454.09 454.1 454.09 454.09 454.11 454.13 454.11 454.11 454.11 454.05 453.99 453.99 454.03 454.06 454.09 454.06 454.06 454.06 454.08 454.07 454.09 454.1 454.09 454.11 454.1
454.18 454.15 454.12 454.11 454.13 454.13 454.12 454.12 454.11 454.12 454.14 454.14 454.1 454.13 454.1 454.13 454.11 454.12 454.12 454.11 454.1 454.09 454.07 454.07 454.07 454.05 454.03 454.01 454.04 454.02 453.99 453.97 454.02 454.03 454.01 454.02 454.03 454.05 454.06 454.03 454.06 454.04 454.07 454.07 454.06 454.08 454.09 454.09 454.1 454.08 454.1 454.12 454.12 454.11 454.08 454.06 454.02 453.99 454.06 454.07 454.09 454.09 454.07 454.08 454.08 454.08 454.08 454.09 454.11 454.11 454.12 454.11
454.18 454.14 454.15 454.12 454.13 454.14 454.12 454.12 454.12 454.14 454.14 454.12 454.13 454.12 454.13 454.11 454.13 454.1 454.13 454.11 454.08 454.08 454.07 454.06 454.08 454.05 454.03 454.04 454.02 454.01 453.99 453.99 453.99 454.02 454.03 454.05 454.05 454.05 454.04 454.02 454.02 454.04 454.08 454.07 454.07 454.1 454.09 454.08 454.09 454.11 454.1 454.12 454.11 454.09 454.08 454.02 454 454.06 454.09 454.11 454.09 454.09 454.09 454.09 454.08 454.1 454.1 454.11 454.12 454.12 454.12 454.12
454.16 454.15 454.15 454.15 454.15 454.13 454.13 454.15 454.12 454.13 454.14 454.13 454.12 454.13 454.12 454.11 454.13 454.11 454.09 454.1 454.1 454.08 454.06 454.07 454.05 454.05 454.07 454.03 454 453.97 453.98 454 454.01 454.02 454.04 454.03 454.03 454.05 454.01 454.02 454.04 454.06 454.08 454.06 454.09 454.1 454.1 454.09 454.1 454.11 454.11 454.12 454.1 454.08 454.04 454.04 454.08 454.1 454.12 454.1 454.09 454.08 454.08 454.09 454.08 454.11 454.11 454.12 454.12 454.13 454.12 454.12
454.17 454.17 454.16 454.17 454.12 454.18 454.13 454.12 454.11 454.12 454.12 454.12 454.12 454.11 454.09 454.1 454.09 454.11 454.09 454.1 454.11 454.07 454.07 454.05 454.06 454.04 454.05 454.02 454 453.99 453.98 453.98 454.02 454.02 454.01 454.03 454 454 454.02 454.03 454.06 454.06 454.08 454.08 454.11 454.11 454.09 454.1 454.12 454.11 454.14 454.1 454.1 454.05 454.04 454.07 454.1 454.13 454.1 454.1 454.11 454.09 454.09 454.1 454.09 454.11 454.13 454.14 454.13 454.12 454.12 454.09
454.19 454.17 454.19 454.16 454.13 454.15 454.16 454.13 454.13 454.13 454.12 454.11 454.12 454.1 454.11 454.12 454.12 454.1 454.09 454.1 454.11 454.08 454.08 454.07 454.06 454.05 454.03 454 454.02 454 454 454.03 454.04 454.03 454.05 453.99 454.01 454.02 454.05 454.06 454.08 454.07 454.1 454.1 454.1 454.12 454.11 454.11 454.11 454.1 454.11 454.1 454.06 454.06 454.08 454.1 454.14 454.12 454.1 454.1 454.1 454.11 454.12 454.1 454.11 454.12 454.12 454.14 454.12 454.13 454.12 454.1
454.22 454.19 454.19 454.17 454.15 454.17 454.14 454.13 454.13 454.13 454.12 454.12 454.08 454.11 454.12 454.11 454.11 454.12 454.12 454.1 454.1 454.1 454.1 454.1 454.09 454.08 454.06 454.05 454.04 454.05 454.05 454.04 454.02 454.03 454.01 454.03 454.04 454.06 454.06 454.09 454.12 454.09 454.12 454.13 454.11 454.14 454.11 454.13 454.12 454.1 454.09 454.08 454.09 454.07 454.1 454.14 454.14 454.11 454.11 454.1 454.12 454.11 454.13 454.12 454.11 454.12 454.12 454.13 454.12 454.13 454.12 454.09
