HMConTests/TestFiles/out/sample-cropped-maps.zh.asc
ncols        601
nrows        741
xllcorner    2708125
yllcorner    2708590
cellsize     0.5
NODATA_value -3.40282E+38
[rows 704 to 735 of 741, columns 288 to 359 of 601]
636.2 636.2 636.18 636.16 636.16 636.15 636.15 636.14 636.14 636.13 636.13 636.14 636.14 636.13 636.15 636.14 636.15 636.15 636.13 636.16 636.18 636.18 636.22 636.22 636.24 636.26 636.25 636.25 636.22 636.23 636.23 636.21 636.2 636.21 636.21 636.2 636.21 636.19 636.2 636.22 636.18 636.23 636.31 636.31 636.28 636.24 636.24 636.22 636.23 636.26 636.21 636.21 636.19 636.17 636.15 636.12 636.03 635.92 635.79 635.64 635.47 635.33 635.16 634.95 634.8 634.6 634.44 634.32 634.22 634.19 634.25 634.34
636.19 636.19 636.16 636.15 636.15 636.15 636.14 636.13 636.13 636.13 636.12 636.12 636.12 636.14 636.13 636.13 636.13 636.14 636.15 636.16 636.18 636.18 636.21 636.22 636.23 636.24 636.24 636.25 636.23 636.24 636.22 636.22 636.21 636.2 636.2 636.2 636.19 636.19 636.2 636.19 636.14 636.21 636.32 636.29 636.28 636.24 636.24 636.23 636.21 636.19 636.21 636.19 636.18 636.18 636.15 636.08 636 635.9 635.77 635.62 635.52 635.39 635.25 635.12 634.87 634.76 634.58 634.44 634.38 634.41 634.49 634.59
636.19 636.18 636.16 636.15 636.16 636.14 636.14 636.12 636.1 636.12 636.1 636.11 636.13 636.12 636.12 636.12 636.13 636.14 636.16 636.17 636.17 636.19 636.2 636.22 636.23 636.23 636.25 636.24 636.23 636.22 636.21 636.21 636.18 636.2 636.2 636.16 636.19 636.2 636.17 636.18 636.2 636.24 636.3 636.33 636.35 636.29 636.22 636.19 636.21 636.22 636.2 636.2 636.18 636.17 636.11 636.05 635.96 635.83 635.72 635.61 635.52 635.42 635.34 635.16 635.03 634.86 634.71 634.6 634.61 634.64 634.69 634.69
636.17 636.18 636.17 636.15 636.15 636.14 636.13 636.12 636.1 636.11 636.1 636.11 636.11 636.11 636.11 636.1 636.12 636.14 636.15 636.14 636.17 636.18 636.2 636.23 636.23 636.25 636.23 636.23 636.23 636.2 636.22 636.2 636.2 636.2 636.17 636.18 636.18 636.2 636.18 636.18 636.18 636.2 636.25 636.29 636.31 636.29 636.22 636.22 636.22 636.19 636.2 636.2 636.17 636.13 636.1 636.02 635.9 635.8 635.7 635.6 635.51 635.42 635.33 635.24 635.13 634.97 634.81 634.81 634.84 634.8 634.79 634.76
636.18 636.19 636.17 636.16 636.14 636.13 636.12 636.11 636.1 636.11 636.11 636.11 636.1 636.09 636.09 636.1 636.11 636.12 636.13 636.14 636.16 636.19 636.19 636.21 636.24 636.24 636.23 636.25 636.23 636.22 636.2 636.19 636.21 636.18 636.17 636.18 636.18 636.18 636.18 636.2 636.2 636.18 636.23 636.25 636.26 636.22 636.25 636.18 636.2 636.21 636.19 636.18 636.16 636.14 636.05 635.95 635.86 635.79 635.64 635.57 635.45 635.39 635.34 635.25 635.18 635.04 635 635.02 634.99 634.95 634.91 634.86
636.19 636.18 636.15 636.15 636.14 636.12 636.12 636.11 636.1 636.12 636.09 636.1 636.1 636.08 636.09 636.1 636.11 636.13 636.14 636.14 636.15 636.16 636.18 636.22 636.24 636.24 636.24 636.25 636.22 636.22 636.21 636.21 636.18 636.18 636.17 636.17 636.17 636.2 636.2 636.2 636.21 636.18 636.19 636.21 636.24 636.23 636.2 636.19 636.21 636.19 636.2 636.17 636.14 636.1 636.01 635.96 635.86 635.68 635.61 635.54 635.45 635.37 635.33 635.26 635.19 635.12 635.08 635.11 635.12 635.06 634.98 634.93
636.2 636.19 636.17 636.15 636.12 636.13 636.11 636.11 636.1 636.1 636.1 636.07 636.08 636.08 636.09 636.11 636.1 636.11 636.12 636.13 636.14 636.19 636.18 636.21 636.23 636.24 636.25 636.24 636.22 636.22 636.2 636.18 636.18 636.17 636.17 636.17 636.16 636.21 636.2 636.2 636.2 636.2 636.2 636.19 636.2 636.2 636.18 636.19 636.2 636.19 636.19 636.17 636.11 636.08 636.02 635.95 635.79 635.7 635.59 635.5 635.44 635.39 635.33 635.27 635.18 635.17 635.21 635.2 635.17 635.1 635.06 635
636.19 636.16 636.17 636.14 636.13 636.12 636.13 636.09 636.09 636.08 636.06 636.08 636.07 636.08 636.07 636.07 636.1 636.09 636.11 636.13 636.16 636.16 636.19 636.21 636.22 636.23 636.23 636.23 636.23 636.21 636.2 636.18 636.16 636.16 636.17 636.16 636.18 636.18 636.17 636.2 636.19 636.19 636.18 636.17 636.18 636.16 636.16 636.16 636.17 636.18 636.16 636.1 636.09 636.03 635.96 635.87 635.77 635.66 635.58 635.51 635.44 635.39 635.33 635.27 635.25 635.24 635.27 635.25 635.27 635.17 635.07 634.94
636.18 636.18 636.16 636.14 636.14 636.12 636.1 636.1 636.09 636.08 636.06 636.08 636.07 636.07 636.06 636.06 636.08 636.09 636.12 636.14 636.14 636.16 636.19 636.23 636.22 636.22 636.23 636.24 636.2 636.22 636.19 636.18 636.15 636.15 636.16 636.17 636.17 636.19 636.18 636.19 636.2 636.19 636.19 636.15 636.1 636.09 636.11 636.09 636.1 636.09 636.07 636.04 636 635.95 635.87 635.8 635.72 635.64 635.58 635.51 635.45 635.4 635.34 635.28 635.26 635.26 635.24 635.28 635.29 635.22 635.15 634.86
636.18 636.17 636.14 636.15 636.13 636.13 636.1 636.09 636.08 636.08 636.09 636.08 636.06 636.04 636.05 636.02 636.05 636.1 636.12 636.13 636.15 636.16 636.19 636.22 636.22 636.23 636.22 636.24 636.22 636.2 636.19 636.17 636.13 636.13 636.15 636.14 636.17 636.18 636.18 636.19 636.2 636.18 636.18 636.13 636.1 636.04 636.03 636 635.97 635.96 635.97 635.92 635.87 635.84 635.79 635.73 635.69 635.61 635.55 635.51 635.47 635.39 635.33 635.31 635.26 635.24 635.21 635.19 635.2 635.13 635.15 634.93
636.17 636.18 636.15 636.15 636.13 636.11 636.09 636.1 636.09 636.11 636.08 636.07 636.06 636.04 636.05 636.02 636.06 636.1 636.11 636.12 636.15 636.19 636.2 636.2 636.21 636.23 636.23 636.25 636.21 636.2 636.17 636.16 636.09 636.1 636.14 636.17 636.17 636.17 636.18 636.19 636.19 636.18 636.17 636.17 636.12 636.05 635.99 635.95 635.92 635.89 635.87 635.84 635.8 635.75 635.73 635.69 635.64 635.59 635.54 635.49 635.43 635.39 635.37 635.32 635.28 635.25 635.21 635.19 635.13 635.1 635.13 635.01
636.18 636.18 636.15 636.16 636.13 636.11 636.11 636.11 636.09 636.08 636.07 636.07 636.05 636.05 636.06 636.08 636.07 636.1 636.12 636.12 636.15 636.16 636.17 636.19 636.22 636.23 636.25 636.23 636.21 636.2 636.17 636.16 636.12 636.14 636.15 636.15 636.15 636.16 636.18 636.19 636.17 636.2 636.19 636.17 636.11 636.04 635.99 635.97 635.93 635.9 635.85 635.83 635.77 635.73 635.73 635.68 635.63 635.59 635.52 635.47 635.44 635.42 635.36 635.34 635.29 635.25 635.2 635.14 635.11 635.07 635.04 634.98
636.18 636.17 636.16 636.15 636.14 636.12 636.12 636.12 636.08 636.1 636.08 636.07 636.07 636.07 636.08 636.08 636.08 636.1 636.12 636.12 636.14 636.16 636.18 636.2 636.22 636.23 636.24 636.21 636.2 636.19 636.19 636.16 636.16 636.15 636.16 636.16 636.17 636.16 636.15 636.19 636.19 636.2 636.19 636.17 636.13 636.06 636 635.97 635.93 635.91 635.86 635.82 635.79 635.76 635.71 635.67 635.62 635.57 635.51 635.47 635.45 635.42 635.38 635.32 635.28 635.22 635.19 635.16 635.11 635.07 635.04 634.98
636.19 636.16 636.15 636.14 636.15 636.14 636.11 636.1 636.1 636.09 636.08 636.08 636.09 636.08 636.08 636.07 636.09 636.1 636.12 636.11 636.14 636.15 636.19 636.2 636.22 636.21 636.22 636.23 636.22 636.21 636.19 636.19 636.17 636.16 636.17 636.17 636.17 636.18 636.2 636.2 636.19 636.18 636.21 636.16 636.1 636.06 636.01 635.95 635.93 635.91 635.86 635.84 635.8 635.77 635.7 635.65 635.62 635.57 635.53 635.48 635.45 635.41 635.38 635.33 635.29 635.24 635.21 635.16 635.12 635.07 635.04 635
636.17 636.17 636.17 636.16 636.15 636.12 636.11 636.11 636.09 636.1 636.09 636.09 636.1 636.09 636.08 636.08 636.09 636.12 636.1 636.14 636.14 636.15 636.18 636.21 636.21 636.22 636.23 636.24 636.22 636.2 636.2 636.18 636.16 636.17 636.18 636.17 636.16 636.17 636.18 636.2 636.19 636.21 636.19 636.16 636.1 636.06 636.02 635.96 635.9 635.9 635.86 635.84 635.81 635.75 635.7 635.64 635.61 635.57 635.53 635.49 635.45 635.42 635.37 635.33 635.27 635.23 635.2 635.15 635.11 635.07 635.05 635
636.2 636.18 636.17 636.16 636.13 636.12 636.11 636.11 636.09 636.09 636.1 636.09 636.08 636.08 636.09 636.09 636.11 636.12 636.11 636.14 636.15 636.16 636.17 636.19 636.2 636.23 636.26 636.23 636.2 636.2 636.19 636.19 636.18 636.17 636.18 636.18 636.18 636.18 636.18 636.19 636.2 636.19 636.18 636.16 636.11 636.03 636 635.96 635.92 635.88 635.86 635.82 635.79 635.74 635.69 635.63 635.62 635.57 635.53 635.48 635.45 635.38 635.33 635.3 635.27 635.23 635.18 635.15 635.12 635.08 635.02 634.98
636.19 636.18 636.16 636.15 636.15 636.13 636.11 636.11 636.1 636.1 636.1 636.08 636.1 636.1 636.09 636.09 636.1 636.12 636.13 636.13 636.14 636.16 636.18 636.18 636.22 636.24 636.23 636.23 636.21 636.2 636.2 636.19 636.18 636.17 636.17 636.18 636.19 636.19 636.18 636.18 636.19 636.19 636.18 636.14 636.09 636.05 636.01 635.97 635.94 635.88 635.85 635.82 635.79 635.72 635.7 635.65 635.63 635.57 635.53 635.48 635.44 635.39 635.34 635.32 635.29 635.23 635.18 635.15 635.11 635.06 635.01 634.99
636.18 636.19 636.15 636.15 636.15 636.13 636.1 636.11 636.1 636.11 636.09 636.1 636.1 636.11 636.11 636.11 636.13 636.13 636.14 636.14 636.16 636.17 636.19 636.21 636.23 636.22 636.22 636.22 636.22 636.21 636.2 636.18 636.18 636.18 636.18 636.17 636.19 636.21 636.19 636.21 636.18 636.2 636.19 636.19 636.09 636.07 636.06 636.03 635.95 635.89 635.86 635.83 635.77 635.77 635.67 635.67 635.61 635.58 635.54 635.48 635.44 635.41 635.36 635.31 635.26 635.22 635.18 635.13 635.11 635.07 635.04 635
636.16 636.17 636.16 636.15 636.15 636.14 636.14 636.12 636.12 636.09 636.09 636.11 636.12 636.12 636.11 636.11 636.12 636.13 636.13 636.14 636.14 636.18 636.2 636.21 636.22 636.22 636.2 636.22 636.22 636.21 636.21 636.19 636.19 636.19 636.19 636.2 636.2 636.19 636.2 636.2 636.2 636.21 636.21 636.25 636.26 636.13 636.12 636.13 636.09 636 635.92 635.89 635.8 635.75 635.69 635.66 635.64 635.59 635.55 635.49 635.48 635.43 635.44 635.38 635.31 635.24 635.19 635.23 635.22 635.14 635.07 635
636.19 636.18 636.16 636.15 636.15 636.16 636.15 636.14 636.12 636.13 636.11 636.14 636.13 636.11 636.13 636.12 636.13 636.13 636.11 636.15 636.17 636.19 636.19 636.19 636.19 636.21 636.22 636.2 636.2 636.21 636.2 636.2 636.18 636.18 636.19 636.19 636.19 636.19 636.2 636.21 636.19 636.23 636.26 636.27 636.3 636.16 636.13 636.11 636.07 636.02 635.99 635.95 635.87 635.73 635.6 635.57 635.52 635.51 635.55 635.49 635.45 635.35 635.39 635.33 635.22 635.15 635.07 635.23 635.29 635.23 635.12 635.04
636.18 636.17 636.17 636.17 636.18 636.15 636.13 636.14 636.15 636.13 636.13 636.12 636.14 636.12 636.12 636.13 636.13 636.13 636.14 636.14 636.19 636.16 636.18 636.2 636.2 636.21 636.21 636.22 636.22 636.19 636.22 636.19 636.2 636.19 636.2 636.2 636.2 636.2 636.21 636.21 636.21 636.23 636.23 636.25 636.28 636.17 636.11 636.08 636.04 635.99 635.95 635.91 635.89 635.73 635.6 635.57 635.57 635.68 635.58 635.56 635.53 635.39 635.28 635.17 635.13 635.05 635.16 635.18 635.28 635.25 635.15 635.06
636.19 636.18 636.19 636.17 636.17 636.15 636.18 636.16 636.14 636.13 636.13 636.15 636.13 636.14 636.14 636.16 636.15 636.15 636.17 636.16 636.18 636.19 636.18 636.2 636.22 636.23 636.21 636.2 636.2 636.2 636.21 636.2 636.21 636.19 636.21 636.2 636.18 636.24 636.24 636.23 636.22 636.21 636.21 636.23 636.25 636.18 636.08 636.05 636.01 635.96 635.92 635.89 635.86 635.77 635.69 635.67 635.61 635.57 635.58 635.57 635.51 635.44 635.25 635.16 635.06 635.18 635.22 635.25 635.32 635.21 635.12 635.03
636.2 636.19 636.19 636.18 636.17 636.16 636.16 636.17 636.15 636.15 636.16 636.15 636.17 636.15 636.16 636.16 636.15 636.14 636.16 636.16 636.17 636.18 636.19 636.2 636.21 636.2 636.19 636.2 636.2 636.19 636.19 636.21 636.2 636.2 636.19 636.19 636.21 636.25 636.25 636.25 636.26 636.2 636.2 636.21 636.22 636.15 636.06 636.02 635.98 635.94 635.91 635.91 635.88 635.76 635.77 635.75 635.63 635.55 635.53 635.5 635.43 635.47 635.36 635.26 635.28 635.29 635.31 635.33 635.27 635.17 635.09 634.99
636.2 636.2 636.19 636.17 636.18 636.18 636.18 636.15 636.18 636.2 636.16 636.15 636.16 636.17 636.17 636.16 636.15 636.16 636.16 636.16 636.17 636.16 636.2 636.21 636.2 636.21 636.2 636.21 636.19 636.2 636.18 636.21 636.2 636.2 636.2 636.2 636.28 636.28 636.28 636.29 636.29 636.25 636.18 636.19 636.18 636.11 636.04 635.99 635.94 635.9 635.85 635.86 635.83 635.8 635.7 635.73 635.59 635.52 635.47 635.4 635.35 635.34 635.35 635.36 635.37 635.34 635.32 635.27 635.21 635.11 635 634.92
636.18 636.18 636.18 636.18 636.18 636.19 636.18 636.19 636.19 636.17 636.19 636.19 636.17 636.18 636.18 636.18 636.17 636.16 636.17 636.18 636.17 636.19 636.19 636.2 636.18 636.19 636.19 636.22 636.2 636.18 636.18 636.22 636.2 636.21 636.18 636.2 636.23 636.31 636.32 636.32 636.33 636.29 636.22 636.17 636.15 636.07 636.03 635.97 635.9 635.84 635.79 635.79 635.78 635.73 635.72 635.67 635.56 635.55 635.5 635.42 635.33 635.31 635.31 635.3 635.31 635.28 635.24 635.22 635.12 635.01 634.94 634.9
636.2 636.19 636.19 636.2 636.2 636.19 636.19 636.18 636.18 636.18 636.2 636.18 636.17 636.18 636.2 636.18 636.18 636.17 636.18 636.18 636.19 636.19 636.19 636.17 636.19 636.2 636.21 636.19 636.21 636.19 636.18 636.2 636.19 636.19 636.2 636.22 636.25 636.28 636.35 636.36 636.36 636.34 636.26 636.18 636.13 636.09 636.04 635.97 635.91 635.84 635.77 635.74 635.67 635.68 635.73 635.72 635.46 635.46 635.5 635.39 635.29 635.26 635.26 635.24 635.22 635.19 635.16 635.07 634.99 634.93 634.87 634.84
636.17 636.19 636.19 636.19 636.18 636.19 636.21 636.21 636.2 636.2 636.17 636.19 636.19 636.19 636.19 636.18 636.19 636.18 636.16 636.19 636.17 636.19 636.19 636.18 636.19 636.21 636.22 636.2 636.2 636.21 636.19 636.21 636.2 636.19 636.21 636.24 636.27 636.3 636.33 636.39 636.39 636.38 636.31 636.2 636.14 636.1 636.05 635.98 635.91 635.87 635.82 635.75 635.68 635.74 635.67 635.68 635.54 635.5 635.44 635.4 635.26 635.23 635.22 635.15 635.11 635.08 635 634.96 634.95 634.91 634.82 634.77
636.23 636.2 636.2 636.19 636.22 636.19 636.24 636.22 636.2 636.19 636.19 636.21 636.2 636.19 636.21 636.22 636.2 636.17 636.2 636.19 636.19 636.18 636.18 636.18 636.21 636.19 636.2 636.19 636.2 636.23 636.19 636.2 636.21 636.21 636.21 636.26 636.29 636.32 636.36 636.39 636.43 636.42 636.34 636.25 636.17 636.12 636.05 636 635.94 635.88 635.82 635.73 635.64 635.65 635.63 635.56 635.46 635.43 635.4 635.35 635.31 635.26 635.18 635.11 635.05 634.98 634.96 634.92 634.86 634.82 634.78 634.72
636.33 636.37 636.37 636.34 636.27 636.32 636.33 636.33 636.31 636.29 636.29 636.26 636.29 636.3 636.26 636.27 636.26 636.26 636.24 636.26 636.25 636.26 636.3 636.2 636.2 636.23 636.2 636.19 636.21 636.25 636.26 636.26 636.27 636.29 636.27 636.28 636.34 636.37 636.4 636.43 636.46 636.42 636.34 636.27 636.19 636.12 636.06 636 635.93 635.87 635.81 635.71 635.6 635.62 635.59 635.49 635.42 635.42 635.37 635.31 635.24 635.23 635.13 635.06 635.05 634.98 634.91 634.91 634.81 634.77 634.76 634.71
636.42 636.43 636.45 636.37 636.36 636.37 636.44 636.48 636.41 636.43 636.35 636.38 636.38 636.37 636.36 636.31 636.32 636.3 636.31 636.32 636.33 636.34 636.33 636.25 636.2 636.21 636.17 636.17 636.28 636.37 636.37 636.36 636.39 636.44 636.47 636.36 636.38 636.41 636.45 636.48 636.44 636.4 636.34 636.24 636.17 636.11 636.05 635.99 635.93 635.86 635.79 635.69 635.64 635.56 635.51 635.49 635.35 635.33 635.28 635.29 635.16 635.15 635.07 635.03 635.04 634.95 634.89 634.88 634.81 634.71 634.71 634.62
636.38 636.43 636.44 636.41 636.4 636.41 636.51 636.47 636.47 636.43 636.41 636.39 636.42 636.41 636.43 636.4 636.36 636.34 636.35 636.37 636.37 636.38 636.36 636.32 636.19 636.19 636.2 636.22 636.34 636.43 636.45 636.4 636.38 636.47 636.49 636.45 636.44 636.47 636.5 636.47 636.41 636.37 636.33 636.21 636.15 636.09 636.03 635.97 635.91 635.85 635.77 635.65 635.55 635.53 635.52 635.53 635.35 635.28 635.19 635.14 635.07 635.07 635.09 634.97 634.94 634.87 634.86 634.78 634.72 634.69 634.65 634.54
636.37 636.44 636.44 636.44 636.45 636.43 636.48 636.44 636.44 636.42 636.4 636.45 636.43 636.44 636.47 636.45 636.4 636.44 636.41 636.43 636.44 636.36 636.35 636.32 636.19 636.17 636.17 636.19 636.32 636.42 636.41 636.35 636.38 636.47 636.47 636.48 636.46 636.43 636.4 636.39 636.37 636.29 636.22 636.22 636.06 636.03 635.99 635.93 635.86 635.8 635.74 635.63 635.51 635.53 635.57 635.52 635.38 635.3 635.14 635.02 635.02 635.02 634.98 634.93 634.87 634.83 634.83 634.75 634.66 634.59 634.56 634.55
