HMConTests/TestFiles/out/sample-cropped-maps.zh.asc
ncols        601
nrows        741
xllcorner    2708125
yllcorner    1247590
cellsize     0.5
NODATA_value -3.40282E+38
[rows 352 to 383 of 741, columns 213 to 283 of 601]
656.79 656.84 656.92 656.94 657.00 656.95 656.94 656.94 656.99 656.99 656.96 656.96 656.97 656.97 656.87 656.80 656.88 656.88 656.93 656.96 656.95 656.99 657.00 657.07 657.05 656.99 657.12 657.12 657.16 657.18 657.22 657.23 657.23 657.35 657.40 657.47 657.53 657.54 657.63 657.64 657.76 657.79 657.87 657.91 658.01 658.03 658.14 658.14 658.18 658.21 658.22 658.26 658.32 658.40 658.44 658.54 658.63 658.71 658.73 658.72 658.79 658.78 658.84 658.89 658.88 658.96 658.98 659.11 659.17 659.20 659.25
656.51 656.56 656.64 656.71 656.72 656.68 656.67 656.71 656.70 656.74 656.70 656.67 656.66 656.59 656.56 656.60 656.56 656.55 656.60 656.66 656.59 656.58 656.66 656.72 656.64 656.70 656.77 656.82 656.85 656.94 656.97 657.00 657.12 657.13 657.22 657.35 657.43 657.47 657.53 657.56 657.68 657.74 657.82 657.89 657.97 658.00 658.03 658.11 658.11 658.12 658.13 658.18 658.19 658.36 658.47 658.53 658.58 658.62 658.63 658.60 658.70 658.69 658.70 658.73 658.75 658.75 658.80 658.83 658.88 658.98 659.01
656.23 656.27 656.37 656.40 656.39 656.40 656.39 656.44 656.50 656.48 656.47 656.43 656.32 656.36 656.31 656.33 656.29 656.21 656.23 656.22 656.26 656.39 656.43 656.49 656.54 656.63 656.66 656.71 656.82 656.82 656.88 657.01 657.03 657.09 657.21 657.26 657.40 657.40 657.44 657.54 657.62 657.74 657.77 657.87 657.89 657.92 658.03 658.07 658.07 658.06 658.09 658.09 658.17 658.25 658.36 658.41 658.48 658.56 658.55 658.58 658.64 658.70 658.67 658.65 658.67 658.71 658.71 658.71 658.71 658.76 658.76
656.02 656.07 656.12 656.16 656.17 656.15 656.16 656.20 656.24 656.30 656.27 656.10 656.10 656.09 656.01 656.01 655.97 656.08 656.08 656.07 656.17 656.22 656.32 656.41 656.52 656.56 656.63 656.71 656.75 656.80 656.88 656.97 657.05 657.10 657.12 657.21 657.27 657.27 657.37 657.51 657.54 657.58 657.65 657.73 657.78 657.83 657.90 657.85 657.85 657.94 657.95 657.97 658.01 658.10 658.21 658.34 658.38 658.44 658.47 658.53 658.58 658.57 658.54 658.62 658.61 658.63 658.66 658.65 658.68 658.66 658.65
655.75 655.81 655.89 655.97 655.94 655.92 655.95 655.93 656.00 655.99 655.95 655.96 655.91 655.79 655.75 655.75 655.79 655.83 655.90 656.01 656.10 656.20 656.26 656.35 656.48 656.55 656.58 656.68 656.77 656.83 656.81 656.84 656.92 656.95 656.99 657.01 656.97 657.06 657.14 657.21 657.31 657.32 657.34 657.41 657.42 657.51 657.49 657.58 657.49 657.59 657.67 657.70 657.75 657.88 657.93 658.02 658.12 658.26 658.31 658.31 658.42 658.43 658.53 658.51 658.54 658.58 658.59 658.61 658.60 658.63 658.62
655.55 655.63 655.68 655.68 655.70 655.67 655.71 655.72 655.68 655.76 655.75 655.68 655.63 655.58 655.59 655.64 655.74 655.84 655.87 655.98 656.09 656.13 656.24 656.31 656.37 656.43 656.51 656.64 656.63 656.60 656.60 656.61 656.59 656.58 656.63 656.67 656.66 656.73 656.80 656.91 656.88 656.94 657.03 657.05 657.06 657.06 657.07 657.08 657.20 657.25 657.30 657.36 657.48 657.60 657.63 657.78 657.82 657.97 657.96 658.00 658.08 658.19 658.30 658.35 658.46 658.51 658.49 658.54 658.58 658.56 658.58
655.34 655.39 655.43 655.40 655.43 655.52 655.45 655.38 655.42 655.40 655.41 655.39 655.41 655.41 655.51 655.56 655.72 655.76 655.85 655.93 656.00 656.09 656.17 656.25 656.27 656.26 656.32 656.29 656.31 656.24 656.24 656.24 656.18 656.16 656.19 656.24 656.25 656.36 656.44 656.49 656.54 656.62 656.64 656.65 656.61 656.68 656.71 656.85 656.88 656.85 656.94 656.94 657.10 657.24 657.32 657.46 657.50 657.56 657.71 657.75 657.73 657.87 657.95 658.06 658.19 658.19 658.37 658.45 658.46 658.47 658.49
655.15 655.13 655.17 655.16 655.22 655.26 655.19 655.22 655.11 655.11 655.13 655.15 655.27 655.33 655.48 655.54 655.53 655.70 655.78 655.86 655.88 655.96 655.95 655.89 655.92 655.98 655.94 655.97 655.91 655.98 655.89 655.82 655.86 655.84 655.92 655.90 655.92 655.97 656.01 656.11 656.23 656.26 656.27 656.27 656.27 656.36 656.37 656.39 656.42 656.56 656.59 656.65 656.75 656.96 656.98 657.13 657.18 657.25 657.32 657.41 657.48 657.52 657.72 657.84 657.83 657.97 658.07 658.17 658.27 658.32 658.42
654.88 654.82 654.85 654.85 654.80 654.93 654.88 654.85 654.86 654.86 654.97 655.01 655.22 655.32 655.39 655.42 655.49 655.59 655.59 655.61 655.70 655.68 655.63 655.62 655.64 655.64 655.60 655.58 655.57 655.52 655.46 655.47 655.50 655.47 655.49 655.55 655.57 655.62 655.73 655.80 655.80 655.82 655.84 655.88 656.04 655.98 656.05 656.03 656.11 656.20 656.23 656.34 656.41 656.51 656.66 656.79 656.90 656.98 656.99 657.08 657.19 657.30 657.33 657.54 657.58 657.64 657.74 657.83 657.93 658.09 658.17
654.44 654.46 654.44 654.45 654.50 654.55 654.56 654.64 654.68 654.81 654.89 655.01 655.12 655.21 655.26 655.29 655.35 655.42 655.41 655.31 655.31 655.21 655.28 655.31 655.32 655.28 655.26 655.26 655.18 655.09 655.11 655.16 655.12 655.13 655.14 655.10 655.22 655.32 655.37 655.33 655.36 655.40 655.44 655.58 655.56 655.64 655.66 655.74 655.74 655.80 655.85 655.91 656.02 656.15 656.29 656.42 656.51 656.72 656.67 656.78 656.88 656.96 656.97 657.27 657.37 657.42 657.45 657.53 657.69 657.73 657.82
654.25 654.20 654.17 654.25 654.27 654.34 654.40 654.53 654.62 654.74 654.84 654.90 654.97 655.05 655.12 655.10 655.02 655.05 654.91 654.98 654.93 654.96 654.96 654.97 654.90 654.86 654.91 654.77 654.74 654.70 654.68 654.69 654.71 654.70 654.72 654.80 654.87 654.83 654.87 654.93 654.92 655.03 655.02 655.06 655.16 655.27 655.33 655.35 655.39 655.44 655.52 655.63 655.67 655.76 655.91 655.98 656.09 656.34 656.44 656.50 656.57 656.63 656.73 656.87 656.98 657.07 657.11 657.20 657.32 657.38 657.51
654.04 654.05 654.12 654.16 654.22 654.28 654.35 654.43 654.56 654.63 654.70 654.84 654.84 654.85 654.83 654.73 654.74 654.75 654.61 654.60 654.65 654.59 654.58 654.51 654.53 654.44 654.25 654.33 654.33 654.26 654.19 654.21 654.22 654.25 654.31 654.33 654.36 654.37 654.34 654.39 654.50 654.53 654.55 654.64 654.73 654.79 654.84 654.94 655.06 655.18 655.17 655.24 655.38 655.45 655.53 655.65 655.82 655.96 656.11 656.12 656.22 656.37 656.44 656.45 656.59 656.78 656.80 656.88 656.98 657.14 657.23
653.95 654.00 654.04 654.11 654.15 654.26 654.31 654.40 654.46 654.53 654.61 654.61 654.59 654.62 654.57 654.54 654.48 654.36 654.38 654.38 654.26 654.16 654.09 654.12 653.95 653.85 653.79 653.81 653.77 653.81 653.77 653.71 653.69 653.79 653.76 653.83 653.87 653.89 653.94 653.98 654.02 654.01 654.12 654.18 654.34 654.33 654.40 654.57 654.76 654.81 654.79 654.88 655.00 655.08 655.22 655.38 655.52 655.68 655.79 655.90 655.99 656.01 656.06 656.19 656.27 656.37 656.50 656.62 656.66 656.68 656.82
653.67 653.74 653.86 654.00 654.10 654.13 654.20 654.29 654.28 654.38 654.42 654.46 654.35 654.28 654.30 654.22 654.17 654.24 654.16 654.04 653.86 653.79 653.62 653.43 653.37 653.43 653.28 653.25 653.28 653.31 653.21 653.22 653.25 653.31 653.33 653.36 653.39 653.43 653.55 653.54 653.60 653.51 653.52 653.71 653.79 653.94 654.07 654.20 654.34 654.36 654.42 654.52 654.63 654.70 654.94 655.06 655.24 655.36 655.51 655.59 655.69 655.71 655.78 655.93 655.99 656.13 656.27 656.27 656.30 656.44 656.44
653.39 653.47 653.64 653.71 653.82 653.98 654.01 654.14 654.11 654.07 654.07 654.05 654.11 654.04 653.94 653.90 653.89 653.85 653.72 653.50 653.43 653.30 653.12 653.03 652.95 652.88 652.85 652.87 652.84 652.74 652.78 652.79 652.90 652.90 652.94 652.98 653.05 653.05 653.07 653.12 653.12 653.23 653.29 653.31 653.45 653.62 653.68 653.76 653.91 654.06 654.15 654.21 654.27 654.49 654.61 654.71 654.89 655.02 655.11 655.27 655.29 655.42 655.46 655.58 655.69 655.84 655.85 655.93 656.06 656.12 656.20
653.17 653.29 653.35 653.43 653.55 653.57 653.72 653.77 653.82 653.82 653.79 653.75 653.78 653.65 653.64 653.60 653.54 653.44 653.31 653.12 653.00 652.82 652.81 652.74 652.61 652.61 652.56 652.50 652.49 652.48 652.51 652.51 652.46 652.51 652.55 652.61 652.65 652.67 652.67 652.68 652.77 652.86 652.91 653.00 653.08 653.19 653.27 653.43 653.46 653.63 653.75 653.91 654.00 654.10 654.27 654.39 654.57 654.65 654.71 654.87 655.00 655.04 655.23 655.31 655.34 655.47 655.52 655.63 655.66 655.75 655.90
652.95 652.96 653.03 653.11 653.17 653.27 653.40 653.49 653.44 653.54 653.51 653.49 653.44 653.42 653.35 653.29 653.23 653.06 652.93 652.68 652.67 652.65 652.62 652.56 652.58 652.53 652.43 652.43 652.39 652.40 652.40 652.37 652.39 652.41 652.43 652.44 652.45 652.45 652.46 652.46 652.47 652.48 652.60 652.66 652.68 652.74 652.84 652.95 653.05 653.21 653.45 653.51 653.56 653.73 653.90 654.04 654.23 654.31 654.47 654.52 654.62 654.76 654.85 654.98 655.06 655.08 655.13 655.15 655.23 655.37 655.49
652.70 652.75 652.74 652.86 652.93 652.97 653.01 653.06 653.11 653.22 653.16 653.14 653.14 653.09 653.05 652.90 652.79 652.74 652.50 652.56 652.50 652.53 652.48 652.51 652.47 652.48 652.43 652.40 652.38 652.36 652.38 652.38 652.40 652.41 652.42 652.43 652.44 652.44 652.42 652.43 652.41 652.43 652.48 652.47 652.50 652.52 652.62 652.63 652.70 652.88 652.96 653.07 653.21 653.37 653.47 653.65 653.72 653.91 654.05 654.20 654.33 654.39 654.55 654.63 654.73 654.76 654.76 654.84 654.86 654.92 655.05
652.40 652.38 652.48 652.59 652.65 652.66 652.72 652.73 652.87 652.79 652.82 652.86 652.82 652.74 652.66 652.56 652.51 652.39 652.43 652.41 652.44 652.42 652.42 652.35 652.39 652.41 652.39 652.37 652.34 652.36 652.32 652.37 652.40 652.41 652.41 652.44 652.44 652.46 652.42 652.41 652.43 652.44 652.43 652.49 652.51 652.53 652.56 652.58 652.62 652.67 652.70 652.79 652.92 653.01 653.18 653.26 653.39 653.53 653.69 653.78 653.96 654.13 654.19 654.28 654.29 654.41 654.48 654.48 654.52 654.52 654.64
652.02 652.20 652.28 652.29 652.37 652.39 652.41 652.51 652.52 652.58 652.55 652.51 652.50 652.40 652.37 652.28 652.25 652.29 652.33 652.35 652.37 652.35 652.30 652.32 652.34 652.35 652.33 652.32 652.35 652.36 652.37 652.39 652.41 652.40 652.40 652.40 652.39 652.42 652.43 652.43 652.42 652.40 652.45 652.51 652.53 652.51 652.55 652.59 652.64 652.63 652.70 652.72 652.77 652.81 652.88 653.00 653.05 653.18 653.31 653.46 653.61 653.68 653.76 653.85 653.98 654.05 654.14 654.11 654.15 654.27 654.39
651.84 651.89 651.94 652.01 652.07 652.19 652.18 652.24 652.27 652.28 652.21 652.20 652.17 652.06 651.96 651.99 652.03 652.14 652.25 652.32 652.33 652.28 652.27 652.28 652.32 652.34 652.34 652.29 652.30 652.35 652.38 652.37 652.37 652.36 652.37 652.37 652.40 652.43 652.43 652.43 652.41 652.41 652.46 652.46 652.48 652.52 652.57 652.56 652.65 652.66 652.69 652.73 652.73 652.75 652.74 652.81 652.84 652.92 653.08 653.10 653.20 653.36 653.46 653.57 653.67 653.77 653.74 653.74 653.84 653.96 653.99
651.51 651.60 651.66 651.73 651.83 651.84 651.91 651.97 651.97 651.90 651.84 651.78 651.75 651.62 651.64 651.72 651.76 651.91 652.03 652.05 652.16 652.18 652.20 652.20 652.18 652.27 652.20 652.16 652.22 652.26 652.30 652.34 652.38 652.38 652.37 652.40 652.42 652.41 652.41 652.42 652.42 652.40 652.42 652.46 652.47 652.51 652.54 652.61 652.64 652.68 652.70 652.70 652.71 652.70 652.76 652.80 652.84 652.87 652.88 652.87 652.91 653.04 653.15 653.27 653.35 653.37 653.44 653.52 653.56 653.66 653.76
651.28 651.34 651.41 651.50 651.51 651.60 651.63 651.62 651.61 651.48 651.44 651.38 651.35 651.39 651.40 651.40 651.46 651.54 651.66 651.80 651.92 652.04 652.02 652.07 652.14 652.11 652.02 652.08 652.12 652.15 652.17 652.20 652.31 652.33 652.36 652.38 652.41 652.43 652.43 652.42 652.41 652.41 652.41 652.37 652.37 652.42 652.54 652.61 652.66 652.67 652.70 652.70 652.71 652.76 652.77 652.78 652.79 652.78 652.80 652.80 652.84 652.88 652.98 653.02 653.08 653.10 653.20 653.21 653.25 653.38 653.41
651.04 651.07 651.16 651.19 651.22 651.30 651.28 651.27 651.16 651.11 651.07 651.13 651.08 651.07 651.05 651.11 651.17 651.28 651.44 651.54 651.64 651.69 651.73 651.82 651.91 651.91 651.93 651.94 651.96 651.97 652.02 652.18 652.20 652.23 652.25 652.28 652.31 652.35 652.48 652.47 652.45 652.41 652.37 652.33 652.31 652.45 652.53 652.65 652.73 652.73 652.73 652.72 652.77 652.78 652.78 652.77 652.79 652.84 652.83 652.91 652.92 652.87 652.88 652.86 652.97 652.92 652.94 652.99 653.07 653.15 653.15
650.76 650.87 650.88 650.95 651.00 650.96 650.95 650.86 650.81 650.82 650.80 650.87 650.84 650.80 650.86 650.83 650.95 651.03 651.17 651.25 651.37 651.41 651.47 651.53 651.69 651.74 651.75 651.76 651.78 651.87 652.03 652.07 652.10 652.13 652.15 652.19 652.23 652.27 652.41 652.52 652.51 652.48 652.44 652.40 652.50 652.56 652.66 652.80 652.96 652.93 652.83 652.72 652.75 652.77 652.78 652.78 652.81 652.80 652.84 652.88 652.95 652.86 652.81 652.89 652.90 652.93 652.95 652.88 652.88 652.97 652.94
650.57 650.58 650.68 650.75 650.77 650.68 650.66 650.65 650.75 650.76 650.72 650.73 650.76 650.75 650.72 650.78 650.80 650.82 650.88 650.97 651.07 651.15 651.22 651.46 651.51 651.55 651.57 651.59 651.73 651.89 651.95 651.97 652.00 652.02 652.07 652.11 652.15 652.19 652.33 652.49 652.56 652.54 652.50 652.47 652.51 652.64 652.77 652.87 652.95 653.02 652.90 652.78 652.76 652.74 652.77 652.75 652.76 652.81 652.84 652.83 652.84 652.82 652.87 652.87 652.91 652.94 652.95 652.87 652.82 652.89 652.88
650.28 650.39 650.45 650.54 650.57 650.54 650.53 650.64 650.69 650.71 650.66 650.70 650.76 650.79 650.77 650.73 650.77 650.70 650.72 650.74 650.78 650.91 651.09 651.12 651.31 651.37 651.42 651.58 651.74 651.82 651.84 651.87 651.90 651.94 651.99 652.03 652.07 652.11 652.26 652.41 652.57 652.60 652.57 652.53 652.51 652.64 652.77 652.90 652.92 652.95 653.00 652.81 652.76 652.79 652.78 652.76 652.77 652.81 652.79 652.79 652.84 652.84 652.85 652.87 652.90 652.94 652.91 652.85 652.88 652.85 652.86
650.07 650.18 650.34 650.40 650.43 650.49 650.54 650.57 650.60 650.61 650.65 650.71 650.74 650.73 650.72 650.71 650.70 650.70 650.65 650.68 650.75 650.74 650.93 651.05 651.17 651.27 651.43 651.59 651.69 651.71 651.74 651.78 651.82 651.87 651.91 651.95 652.00 652.03 652.18 652.34 652.49 652.65 652.64 652.60 652.56 652.64 652.77 652.91 652.93 652.96 652.98 652.99 653.02 652.96 652.85 652.80 652.82 652.82 652.75 652.80 652.83 652.83 652.84 652.83 652.84 652.90 652.93 652.89 652.88 652.85 652.87
649.80 649.97 650.18 650.31 650.38 650.44 650.48 650.54 650.57 650.59 650.58 650.68 650.69 650.68 650.67 650.67 650.66 650.66 650.64 650.64 650.70 650.76 650.96 651.02 651.13 651.29 651.45 651.56 651.59 651.61 651.66 651.70 651.74 651.79 651.83 651.87 651.92 651.96 652.11 652.26 652.42 652.57 652.69 652.67 652.63 652.64 652.78 652.91 652.94 652.97 652.99 653.02 653.02 652.94 652.88 652.78 652.89 652.87 652.81 652.77 652.79 652.80 652.80 652.83 652.82 652.82 652.84 652.89 652.86 652.85 652.83
649.53 649.66 649.97 650.19 650.26 650.36 650.45 650.50 650.56 650.54 650.60 650.65 650.65 650.65 650.65 650.65 650.65 650.65 650.64 650.63 650.67 650.74 650.95 650.99 651.14 651.30 651.43 651.46 651.49 651.54 651.58 651.62 651.67 651.71 651.75 651.80 651.83 651.88 652.04 652.19 652.34 652.50 652.65 652.73 652.70 652.66 652.78 652.91 652.95 652.98 653.00 653.08 653.01 652.94 652.86 652.81 652.80 652.81 652.68 652.72 652.75 652.77 652.79 652.79 652.79 652.79 652.82 652.84 652.83 652.84 652.83
649.35 649.42 649.63 649.86 650.10 650.29 650.46 650.48 650.50 650.54 650.58 650.64 650.65 650.65 650.65 650.65 650.65 650.63 650.62 650.64 650.66 650.73 650.96 651.01 651.15 651.30 651.33 651.37 651.42 651.46 651.50 651.55 651.59 651.63 651.67 651.72 651.75 651.81 651.96 652.12 652.27 652.42 652.58 652.73 652.76 652.73 652.78 652.91 652.96 652.99 653.01 653.07 653.00 652.93 652.86 652.79 652.70 652.66 652.70 652.71 652.73 652.75 652.74 652.79 652.78 652.80 652.83 652.78 652.81 652.84 652.87
649.20 649.35 649.47 649.67 649.93 650.17 650.32 650.41 650.49 650.54 650.57 650.61 650.65 650.65 650.66 650.66 650.64 650.60 650.60 650.60 650.67 650.79 650.92 651.04 651.16 651.21 651.25 651.29 651.34 651.38 651.42 651.47 651.51 651.55 651.60 651.64 651.67 651.73 651.89 652.04 652.19 652.35 652.50 652.66 652.81 652.79 652.78 652.91 652.97 653.00 653.02 653.06 652.99 652.91 652.84 652.77 652.61 652.63 652.75 652.71 652.75 652.72 652.77 652.78 652.77 652.79 652.80 652.82 652.83 652.83 652.84
