HMConTests/TestFiles/out/sample-cropped-maps.zh.asc
ncols        601
nrows        741
xllcorner    2693125
yllcorner    2693590
cellsize     0.5
NODATA_value -3.40282E+38
[rows 384 to 415 of 741, columns 288 to 359 of 601]
454.22 454.22 454.24 454.33 454.35 454.36 454.38 454.4 454.41 454.46 454.51 454.54 454.52 454.54 454.55 454.55 454.57 454.59 454.61 454.62 454.63 454.66 454.67 454.69 454.7 454.71 454.72 454.74 454.72 454.74 454.78 454.8 454.82 454.84 454.85 454.83 454.86 454.87 454.96 454.92 454.88 454.9 454.91 454.94 454.94 454.92 454.9 454.91 454.93 454.94 454.91 454.9 454.89 454.88 454.9 454.87 454.83 454.83 454.81 454.8 454.77 454.77 454.77 454.76 454.74 454.75 454.74 454.73 454.72 454.73 454.69 454.69
454.25 454.24 454.23 454.25 454.35 454.37 454.4 454.4 454.41 454.44 454.48 454.53 454.52 454.53 454.54 454.54 454.56 454.56 454.58 454.59 454.61 454.65 454.66 454.66 454.7 454.7 454.72 454.73 454.74 454.76 454.79 454.82 454.82 454.85 454.86 454.87 454.85 454.87 454.92 454.9 454.9 454.92 454.94 454.94 454.92 454.9 454.91 454.93 454.94 454.93 454.91 454.92 454.91 454.91 454.96 454.92 454.87 454.82 454.81 454.8 454.79 454.8 454.79 454.77 454.75 454.75 454.77 454.74 454.74 454.72 454.71 454.7
454.27 454.27 454.23 454.22 454.27 454.36 454.37 454.4 454.41 454.41 454.45 454.51 454.51 454.52 454.52 454.55 454.55 454.57 454.59 454.6 454.62 454.63 454.66 454.65 454.68 454.69 454.73 454.73 454.75 454.75 454.78 454.82 454.85 454.86 454.85 454.87 454.87 454.87 454.89 454.9 454.92 454.95 454.95 454.93 454.91 454.91 454.93 454.94 454.93 454.92 454.92 454.93 454.94 454.94 454.96 454.93 454.91 454.88 454.85 454.83 454.82 454.79 454.8 454.8 454.79 454.75 454.79 454.77 454.74 454.75 454.72 454.72
454.28 454.27 454.26 454.25 454.24 454.32 454.38 454.39 454.41 454.42 454.43 454.46 454.49 454.53 454.53 454.54 454.56 454.56 454.59 454.6 454.62 454.62 454.65 454.65 454.67 454.69 454.72 454.72 454.73 454.77 454.8 454.82 454.83 454.85 454.85 454.88 454.87 454.88 454.87 454.96 454.95 454.96 454.93 454.91 454.92 454.93 454.94 454.94 454.93 454.93 454.93 454.94 454.96 454.94 454.93 454.91 454.9 454.92 454.88 454.86 454.82 454.83 454.81 454.79 454.79 454.78 454.78 454.75 454.77 454.74 454.75 454.75
454.29 454.28 454.28 454.25 454.26 454.26 454.32 454.38 454.4 454.42 454.45 454.45 454.45 454.49 454.57 454.53 454.54 454.55 454.57 454.57 454.59 454.61 454.63 454.66 454.69 454.68 454.73 454.73 454.74 454.76 454.77 454.81 454.82 454.85 454.86 454.87 454.89 454.89 454.95 454.98 454.96 454.94 454.92 454.92 454.92 454.93 454.94 454.93 454.95 454.93 454.94 454.95 454.95 454.93 454.91 454.92 454.9 454.91 454.91 454.88 454.86 454.82 454.82 454.82 454.8 454.77 454.79 454.78 454.76 454.75 454.75 454.75
454.3 454.28 454.29 454.28 454.28 454.29 454.27 454.36 454.39 454.41 454.43 454.45 454.47 454.46 454.46 454.57 454.55 454.54 454.56 454.58 454.56 454.61 454.62 454.63 454.66 454.69 454.7 454.72 454.74 454.75 454.78 454.79 454.82 454.83 454.85 454.87 454.88 454.89 454.9 454.91 454.92 454.91 454.91 454.92 454.93 454.95 454.94 454.96 454.94 454.94 454.95 454.95 454.93 454.92 454.92 454.93 454.92 454.91 454.91 454.91 454.9 454.88 454.85 454.81 454.81 454.79 454.8 454.78 454.78 454.79 454.76 454.76
454.32 454.3 454.3 454.29 454.28 454.29 454.29 454.31 454.4 454.4 454.43 454.44 454.46 454.5 454.48 454.46 454.55 454.54 454.55 454.55 454.56 454.6 454.61 454.64 454.64 454.66 454.69 454.71 454.71 454.74 454.76 454.77 454.8 454.81 454.83 454.83 454.88 454.88 454.9 454.87 454.9 454.89 454.91 454.92 454.94 454.95 454.97 454.96 454.93 454.95 454.95 454.93 454.92 454.93 454.93 454.93 454.92 454.91 454.9 454.93 454.91 454.88 454.88 454.83 454.8 454.81 454.82 454.79 454.79 454.79 454.79 454.79
454.32 454.33 454.31 454.31 454.31 454.3 454.3 454.28 454.34 454.4 454.44 454.43 454.45 454.51 454.48 454.46 454.46 454.53 454.52 454.54 454.56 454.59 454.61 454.61 454.63 454.67 454.68 454.69 454.69 454.73 454.75 454.78 454.8 454.82 454.83 454.83 454.84 454.87 454.87 454.88 454.89 454.91 454.9 454.91 454.96 454.98 454.99 454.94 454.94 454.96 454.93 454.93 454.93 454.94 454.94 454.93 454.91 454.9 454.9 454.9 454.91 454.9 454.92 454.86 454.83 454.81 454.81 454.79 454.81 454.8 454.8 454.78
454.35 454.34 454.32 454.33 454.32 454.34 454.31 454.33 454.3 454.3 454.41 454.43 454.46 454.48 454.49 454.49 454.49 454.49 454.54 454.56 454.56 454.58 454.58 454.6 454.64 454.64 454.65 454.68 454.7 454.71 454.73 454.75 454.77 454.79 454.81 454.81 454.83 454.85 454.87 454.87 454.89 454.9 454.92 454.89 454.9 455 454.97 454.94 454.97 454.94 454.93 454.94 454.94 454.95 454.93 454.92 454.91 454.9 454.9 454.9 454.92 454.95 455.01 454.89 454.89 454.85 454.84 454.81 454.8 454.81 454.8 454.79
454.35 454.35 454.34 454.34 454.35 454.33 454.34 454.33 454.31 454.32 454.31 454.4 454.44 454.48 454.47 454.49 454.51 454.48 454.49 454.52 454.54 454.57 454.58 454.6 454.62 454.63 454.65 454.67 454.66 454.7 454.72 454.74 454.75 454.78 454.8 454.79 454.83 454.84 454.85 454.85 454.87 454.86 454.87 454.89 454.89 454.91 454.94 454.96 454.94 454.94 454.94 454.95 454.95 454.94 454.93 454.92 454.91 454.9 454.9 454.9 454.9 454.9 454.98 454.92 454.91 454.88 454.86 454.83 454.83 454.82 454.81 454.8
454.38 454.36 454.39 454.37 454.34 454.33 454.33 454.32 454.33 454.34 454.31 454.33 454.36 454.46 454.46 454.48 454.49 454.51 454.5 454.49 454.54 454.58 454.56 454.59 454.61 454.61 454.64 454.67 454.68 454.7 454.7 454.73 454.74 454.75 454.77 454.8 454.81 454.79 454.83 454.84 454.84 454.86 454.87 454.89 454.9 454.92 454.98 454.94 454.94 454.95 454.95 454.96 454.95 454.94 454.93 454.91 454.91 454.91 454.9 454.9 454.9 454.89 454.89 454.89 454.91 454.89 454.88 454.86 454.85 454.84 454.82 454.83
454.4 454.36 454.37 454.37 454.37 454.35 454.36 454.35 454.34 454.34 454.33 454.34 454.35 454.4 454.45 454.46 454.49 454.5 454.52 454.5 454.48 454.54 454.58 454.6 454.6 454.6 454.64 454.64 454.65 454.68 454.68 454.72 454.74 454.76 454.78 454.77 454.78 454.79 454.81 454.81 454.85 454.84 454.87 454.88 454.89 454.91 454.91 454.95 454.94 454.96 454.96 454.96 454.95 454.94 454.92 454.91 454.91 454.9 454.9 454.9 454.89 454.9 454.89 454.88 454.91 454.89 454.9 454.9 454.88 454.83 454.83 454.82
454.39 454.39 454.38 454.36 454.36 454.39 454.37 454.37 454.36 454.36 454.36 454.36 454.34 454.35 454.35 454.45 454.48 454.47 454.5 454.5 454.52 454.51 454.52 454.58 454.61 454.6 454.61 454.64 454.66 454.66 454.68 454.7 454.71 454.73 454.76 454.76 454.78 454.8 454.78 454.8 454.8 454.84 454.85 454.86 454.86 454.88 454.9 454.89 454.91 454.92 454.97 454.96 454.95 454.93 454.92 454.91 454.91 454.9 454.9 454.89 454.92 454.9 454.89 454.88 454.9 454.88 454.9 454.89 454.89 454.86 454.82 454.82
454.41 454.42 454.41 454.39 454.38 454.39 454.39 454.37 454.36 454.37 454.37 454.36 454.36 454.37 454.34 454.36 454.45 454.47 454.5 454.49 454.53 454.54 454.52 454.49 454.59 454.62 454.61 454.64 454.66 454.65 454.68 454.7 454.69 454.72 454.74 454.75 454.75 454.78 454.79 454.8 454.81 454.82 454.82 454.86 454.87 454.89 454.87 454.89 454.89 454.9 454.92 454.96 454.94 454.92 454.92 454.91 454.9 454.9 454.9 454.93 454.91 454.9 454.89 454.9 454.91 454.9 454.9 454.88 454.89 454.89 454.88 454.85
454.43 454.42 454.41 454.43 454.4 454.4 454.39 454.42 454.38 454.4 454.39 454.38 454.37 454.37 454.37 454.37 454.41 454.46 454.48 454.5 454.51 454.53 454.55 454.52 454.54 454.61 454.62 454.64 454.63 454.65 454.65 454.69 454.68 454.7 454.71 454.72 454.74 454.77 454.77 454.78 454.8 454.8 454.83 454.83 454.85 454.86 454.89 454.88 454.88 454.9 454.89 454.91 454.93 454.92 454.91 454.9 454.9 454.91 454.94 454.93 454.91 454.9 454.9 454.92 454.91 454.91 454.89 454.88 454.89 454.92 454.94 454.87
454.45 454.44 454.43 454.43 454.43 454.43 454.42 454.39 454.39 454.42 454.41 454.38 454.39 454.39 454.38 454.37 454.37 454.38 454.48 454.47 454.51 454.53 454.53 454.57 454.55 454.54 454.58 454.64 454.63 454.63 454.64 454.68 454.69 454.68 454.71 454.72 454.73 454.74 454.74 454.77 454.76 454.79 454.81 454.84 454.84 454.84 454.86 454.87 454.87 454.9 454.9 454.89 454.9 454.92 454.91 454.9 454.93 454.96 454.94 454.92 454.91 454.91 454.92 454.92 454.92 454.9 454.89 454.89 454.89 454.91 454.91 454.91
454.46 454.45 454.46 454.46 454.45 454.44 454.43 454.43 454.42 454.42 454.41 454.4 454.4 454.38 454.39 454.39 454.39 454.37 454.38 454.45 454.47 454.51 454.51 454.55 454.56 454.57 454.55 454.56 454.62 454.64 454.64 454.65 454.66 454.69 454.71 454.72 454.71 454.72 454.74 454.76 454.76 454.78 454.8 454.82 454.83 454.84 454.83 454.85 454.86 454.87 454.88 454.9 454.91 454.92 454.93 454.94 454.97 454.96 454.93 454.92 454.92 454.92 454.93 454.92 454.91 454.9 454.91 454.91 454.91 454.91 454.91 454.88
454.47 454.46 454.46 454.47 454.46 454.44 454.44 454.43 454.44 454.43 454.42 454.42 454.41 454.41 454.41 454.4 454.39 454.39 454.39 454.37 454.45 454.49 454.53 454.52 454.55 454.57 454.59 454.57 454.59 454.63 454.64 454.64 454.66 454.65 454.68 454.69 454.71 454.71 454.72 454.74 454.75 454.79 454.77 454.8 454.82 454.82 454.83 454.84 454.85 454.86 454.89 454.88 454.9 454.9 454.99 454.97 454.97 454.95 454.93 454.93 454.93 454.94 454.93 454.92 454.91 454.92 454.93 454.93 454.93 454.92 454.91 454.89
454.47 454.47 454.47 454.49 454.47 454.48 454.47 454.46 454.44 454.45 454.45 454.41 454.41 454.43 454.41 454.41 454.4 454.41 454.4 454.39 454.39 454.42 454.5 454.51 454.53 454.55 454.58 454.57 454.56 454.57 454.63 454.63 454.65 454.65 454.67 454.68 454.69 454.71 454.7 454.73 454.74 454.73 454.76 454.79 454.8 454.79 454.8 454.83 454.85 454.86 454.88 454.88 454.88 454.9 454.9 454.92 454.92 454.94 454.94 454.94 454.95 454.94 454.93 454.92 454.92 454.94 454.94 454.94 454.93 454.92 454.91 454.89
454.48 454.46 454.49 454.49 454.49 454.48 454.48 454.48 454.47 454.45 454.44 454.44 454.45 454.45 454.44 454.42 454.42 454.41 454.4 454.41 454.4 454.41 454.42 454.49 454.53 454.54 454.56 454.56 454.58 454.58 454.58 454.62 454.65 454.63 454.66 454.68 454.69 454.69 454.7 454.71 454.73 454.72 454.75 454.77 454.77 454.79 454.8 454.82 454.82 454.83 454.85 454.84 454.88 454.89 454.9 454.9 454.9 454.9 454.95 454.95 454.95 454.94 454.93 454.93 454.96 454.96 454.96 454.94 454.93 454.91 454.91 454.88
454.53 454.47 454.44 454.48 454.51 454.5 454.5 454.48 454.49 454.48 454.47 454.46 454.46 454.46 454.43 454.44 454.44 454.43 454.43 454.43 454.43 454.43 454.42 454.42 454.48 454.53 454.56 454.56 454.6 454.6 454.61 454.59 454.61 454.65 454.67 454.67 454.69 454.69 454.7 454.71 454.71 454.74 454.75 454.74 454.77 454.77 454.78 454.8 454.82 454.83 454.83 454.85 454.86 454.87 454.87 454.9 454.89 454.9 454.92 454.96 454.95 454.94 454.94 454.96 454.97 454.97 454.95 454.93 454.92 454.92 454.9 454.88
454.55 454.57 454.47 454.45 454.49 454.53 454.51 454.49 454.5 454.48 454.5 454.48 454.47 454.46 454.46 454.44 454.44 454.44 454.44 454.44 454.43 454.43 454.43 454.42 454.41 454.48 454.55 454.56 454.57 454.6 454.61 454.6 454.59 454.61 454.67 454.68 454.68 454.69 454.69 454.7 454.71 454.71 454.73 454.74 454.75 454.75 454.77 454.78 454.79 454.81 454.83 454.84 454.85 454.86 454.86 454.88 454.88 454.9 454.91 454.91 454.94 454.94 454.97 454.99 454.98 454.96 454.94 454.93 454.93 454.91 454.89 454.89
454.57 454.62 454.58 454.47 454.45 454.51 454.53 454.51 454.55 454.52 454.52 454.5 454.48 454.47 454.46 454.48 454.45 454.46 454.45 454.45 454.45 454.46 454.45 454.44 454.44 454.44 454.5 454.55 454.56 454.6 454.6 454.59 454.61 454.59 454.62 454.64 454.68 454.7 454.7 454.7 454.7 454.72 454.72 454.72 454.74 454.73 454.76 454.76 454.78 454.79 454.79 454.82 454.82 454.84 454.86 454.88 454.89 454.89 454.9 454.91 454.89 454.95 455 454.99 454.97 454.95 454.94 454.94 454.93 454.91 454.9 454.91
454.62 454.62 454.62 454.58 454.48 454.48 454.5 454.55 454.54 454.53 454.52 454.54 454.52 454.48 454.5 454.47 454.48 454.47 454.46 454.48 454.46 454.46 454.47 454.46 454.45 454.45 454.44 454.48 454.56 454.57 454.58 454.6 454.61 454.63 454.6 454.64 454.69 454.69 454.68 454.68 454.71 454.71 454.74 454.73 454.72 454.73 454.75 454.78 454.78 454.78 454.8 454.82 454.82 454.84 454.85 454.88 454.87 454.88 454.89 454.9 454.91 454.92 454.96 454.98 454.96 454.95 454.95 454.94 454.92 454.91 454.92 454.92
454.67 454.66 454.61 454.6 454.57 454.52 454.47 454.49 454.55 454.53 454.57 454.6 454.53 454.5 454.5 454.49 454.5 454.48 454.48 454.48 454.47 454.49 454.48 454.48 454.45 454.45 454.43 454.45 454.46 454.57 454.56 454.58 454.6 454.63 454.64 454.63 454.63 454.66 454.68 454.68 454.71 454.7 454.72 454.74 454.72 454.74 454.75 454.73 454.75 454.78 454.78 454.79 454.82 454.82 454.84 454.86 454.86 454.85 454.88 454.89 454.9 454.91 454.93 454.93 454.96 454.96 454.95 454.94 454.93 454.93 454.93 454.93
454.69 454.68 454.65 454.63 454.63 454.59 454.51 454.5 454.52 454.57 454.55 454.54 454.54 454.53 454.53 454.52 454.49 454.49 454.51 454.5 454.49 454.51 454.5 454.49 454.45 454.46 454.47 454.48 454.46 454.5 454.54 454.59 454.58 454.61 454.63 454.64 454.64 454.63 454.67 454.7 454.7 454.7 454.72 454.72 454.73 454.73 454.74 454.73 454.75 454.75 454.76 454.8 454.81 454.82 454.83 454.82 454.83 454.85 454.88 454.88 454.89 454.88 454.89 454.9 454.92 454.96 454.95 454.94 454.94 454.94 454.95 454.95
454.69 454.7 454.67 454.65 454.62 454.65 454.6 454.54 454.51 454.54 454.54 454.58 454.56 454.55 454.53 454.55 454.53 454.51 454.52 454.52 454.5 454.51 454.5 454.49 454.49 454.48 454.49 454.46 454.46 454.48 454.5 454.57 454.57 454.6 454.62 454.64 454.66 454.65 454.63 454.66 454.72 454.72 454.72 454.72 454.71 454.73 454.73 454.73 454.74 454.75 454.76 454.78 454.79 454.81 454.82 454.83 454.84 454.84 454.85 454.87 454.87 454.88 454.89 454.9 454.91 454.89 454.95 454.95 454.95 454.95 454.95 454.95
454.7 454.7 454.7 454.69 454.7 454.68 454.61 454.57 454.56 454.55 454.53 454.58 454.62 454.6 454.57 454.55 454.55 454.52 454.54 454.54 454.53 454.5 454.53 454.52 454.51 454.49 454.51 454.5 454.48 454.48 454.49 454.5 454.54 454.58 454.59 454.62 454.65 454.66 454.66 454.65 454.69 454.71 454.69 454.72 454.74 454.72 454.74 454.74 454.74 454.73 454.75 454.78 454.77 454.79 454.8 454.82 454.83 454.83 454.84 454.85 454.87 454.88 454.9 454.89 454.91 454.9 454.9 454.93 454.94 454.97 455 455.03
454.7 454.71 454.72 454.72 454.7 454.7 454.65 454.63 454.6 454.57 454.56 454.54 454.61 454.61 454.58 454.59 454.56 454.54 454.55 454.56 454.53 454.54 454.53 454.52 454.52 454.51 454.5 454.51 454.5 454.5 454.5 454.48 454.5 454.57 454.61 454.62 454.65 454.64 454.66 454.68 454.68 454.7 454.71 454.72 454.72 454.72 454.73 454.73 454.74 454.73 454.76 454.77 454.78 454.79 454.8 454.81 454.83 454.83 454.85 454.84 454.86 454.87 454.88 454.89 454.89 454.89 454.91 454.92 454.95 454.98 455.03 455.06
454.72 454.72 454.71 454.73 454.74 454.7 454.68 454.64 454.65 454.61 454.59 454.56 454.56 454.56 454.57 454.57 454.59 454.57 454.57 454.56 454.53 454.55 454.55 454.53 454.53 454.53 454.53 454.53 454.52 454.52 454.5 454.51 454.5 454.51 454.54 454.61 454.63 454.63 454.66 454.67 454.68 454.66 454.69 454.75 454.72 454.73 454.72 454.73 454.73 454.73 454.76 454.77 454.78 454.78 454.82 454.8 454.81 454.83 454.84 454.85 454.84 454.87 454.86 454.88 454.88 454.89 454.9 454.91 454.91 454.94 455.02 455
454.73 454.72 454.72 454.73 454.73 454.73 454.71 454.68 454.66 454.63 454.61 454.61 454.58 454.55 454.59 454.6 454.61 454.58 454.58 454.57 454.58 454.57 454.57 454.55 454.57 454.55 454.56 454.53 454.53 454.52 454.52 454.52 454.51 454.52 454.52 454.53 454.62 454.63 454.65 454.65 454.68 454.68 454.69 454.69 454.75 454.73 454.73 454.72 454.73 454.75 454.77 454.77 454.79 454.79 454.8 454.8 454.83 454.83 454.83 454.85 454.87 454.88 454.87 454.89 454.85 454.89 454.87 454.9 454.9 454.94 454.98 454.99
454.74 454.74 454.74 454.73 454.74 454.73 454.75 454.71 454.7 454.66 454.66 454.64 454.63 454.56 454.54 454.54 454.67 454.61 454.58 454.6 454.59 454.59 454.57 454.6 454.56 454.55 454.56 454.54 454.55 454.54 454.55 454.52 454.54 454.52 454.53 454.52 454.55 454.61 454.62 454.65 454.67 454.68 454.69 454.69 454.69 454.74 454.75 454.75 454.74 454.74 454.77 454.79 454.79 454.79 454.79 454.8 454.79 454.82 454.84 454.84 454.85 454.86 454.85 454.87 454.87 454.9 454.88 454.89 454.89 454.89 454.94 454.94
